# Frame 1:
-2.349652789434358846e-03 9.592072004294030074e-05 -9.730477368179809572e-01
8.142181550590547239e-05 -2.943375338394080797e-03 -2.305518520548300865e-01
9.006933956890379901e-07 -1.422496927374551678e-07 -3.121735054619607062e-03
# Frame 2:
2.341473726145685847e-03 -1.120617476505535789e-04 9.731215043363634631e-01
-8.020535828093972865e-05 2.929068415121533452e-03 2.302405544924398251e-01
-9.035345648571613740e-07 9.973707067196836712e-08 3.121527285764046783e-03
# Frame 3:
-2.367083859090489146e-03 1.111350797466398462e-04 -9.729897504220134108e-01
7.745748479132778266e-05 -2.938358823107656108e-03 -2.307962697983084455e-01
8.815389582474274525e-07 -1.113484662068571935e-07 -3.126024770756201734e-03
# Frame 4:
2.394862130422839835e-03 -9.645246479476055870e-05 9.732918099585428084e-01
-6.990382471018038058e-05 2.960298688317426156e-03 2.295184890147882739e-01
-8.498179847652600836e-07 1.384265824234098187e-07 3.130965455062062995e-03
# Frame 5:
-2.350777660227713287e-03 1.193860109506348201e-04 -9.732145673567247357e-01
7.550075464628429702e-05 -2.926675885786388792e-03 -2.298468167835170661e-01
8.897038163575851279e-07 -9.260412056325593109e-08 -3.120121410460607782e-03
# Frame 6:
2.346020163309597926e-03 -9.025072453366136385e-05 9.732802233885173848e-01
-7.608671130747708786e-05 2.937010705708754336e-03 2.295685892291648711e-01
-8.916294429461146642e-07 1.501555257316632834e-07 3.118625087750917513e-03
# Frame 7:
2.354058083416722333e-03 -1.096793297151684213e-04 9.730880358175393319e-01
-7.653471656504850444e-05 2.925037792516362988e-03 2.303818780547944867e-01
-8.915686211514868227e-07 1.089943256888408399e-07 3.122417210482173952e-03
# Frame 8:
2.346322957404880713e-03 -7.053049310362682314e-05 9.733960068537508281e-01
-7.609238164579408526e-05 2.951926885085194487e-03 2.290768801096515761e-01
-9.166849688919517882e-07 1.852554847831300113e-07 3.125215379743022815e-03
# Frame 9:
-2.330166275694094992e-03 1.157694036952681006e-04 -9.731732067677748566e-01
7.923169123825599331e-05 -2.914383419623313952e-03 -2.300223130780969794e-01
9.072763615143698529e-07 -1.020811431952776775e-07 -3.114824054319678508e-03
# Frame 10:
2.334355352045564339e-03 -9.849160044187070594e-05 9.730928920564414497e-01
-8.026432510641519369e-05 2.922441132737449952e-03 2.303616625092056724e-01
-9.115191011695920038e-07 1.317266311304445136e-07 3.117988828719291464e-03
# Frame 11:
2.327905893903798110e-03 -1.138362447938023203e-04 9.732681585219558063e-01
-7.834759142782702821e-05 2.919242489978211494e-03 2.296201729217297871e-01
-9.126032411249855977e-07 1.089921058134312805e-07 3.115698032428797573e-03
# Frame 12:
2.354175843208574162e-03 -1.081998362828598956e-04 9.731774219455957553e-01
-7.782027870337902993e-05 2.929295472392064430e-03 2.300039715135440144e-01
-8.895228643966826289e-07 1.124070645908576816e-07 3.120548581775389914e-03
# Frame 13:
2.373803701954715125e-03 -1.048920046780631242e-04 9.732173460766307960e-01
-7.473383137890746728e-05 2.942512461433527231e-03 2.298345543272959368e-01
-8.654288230845829695e-07 1.104716884449237934e-07 3.124903341350320461e-03
# Frame 14:
-2.328301188176059005e-03 1.061258135793127566e-04 -9.731698227031584381e-01
7.959548409611441762e-05 -2.921781166020121293e-03 -2.300365219369752134e-01
9.179097084960971302e-07 -1.206530697321819242e-07 -3.117589525811365406e-03
# Frame 15:
2.339222119241340502e-03 -1.283836325352948472e-04 9.730516454072604127e-01
-8.213490203983681069e-05 2.910582659693025567e-03 2.305359249558864010e-01
-9.038769993510553834e-07 7.660931375449677340e-08 3.117048939755794751e-03
# Frame 16:
2.330691583197333494e-03 -1.149085053118827283e-04 9.729832916287528555e-01
-8.366362278686227108e-05 2.911685655116855957e-03 2.308243253866044953e-01
-9.148996420897719317e-07 1.014982045177944424e-07 3.116854194930999359e-03
# Frame 17:
2.376961686632901496e-03 -7.631873525864857203e-05 9.730593127126313524e-01
-8.138351015397786231e-05 2.965515588074416585e-03 2.305023197900933352e-01
-8.850277198067928095e-07 1.793020361757901983e-07 3.130149581661337190e-03
# Frame 18:
2.366463873682246848e-03 -9.174265504379767685e-05 9.730830035554119961e-01
-7.926476455667670921e-05 2.944854765737095047e-03 2.304027444694796145e-01
-8.809615931849612148e-07 1.538831532911256489e-07 3.123541457316131222e-03
# Frame 19:
2.364407843267182872e-03 -1.070335624366871929e-04 9.729750411395815535e-01
-7.765670094140473482e-05 2.931818043271861886e-03 2.308584107864334600e-01
-8.850280741221558948e-07 1.223120686370121856e-07 3.124103000688072899e-03
# Frame 20:
2.352968552769498130e-03 -1.081030140491062030e-04 9.731451781914599586e-01
-7.503819609817855723e-05 2.922983016261238975e-03 2.301404461157047499e-01
-8.889070130969796619e-07 1.101851334059251707e-07 3.120835762699774620e-03
# Frame 21:
2.345978074175614301e-03 -1.182075327032029212e-04 9.730298536300487910e-01
-7.702378605342915889e-05 2.912556416420776940e-03 2.306277556841846987e-01
-9.036986416502122085e-07 1.024452884014579367e-07 3.120216057788985711e-03
# Frame 22:
2.353456440360141878e-03 -1.001590832964438266e-04 9.733401202807711039e-01
-7.580453957079015558e-05 2.936253896941349098e-03 2.293144059348392050e-01
-8.884897025301147906e-07 1.405968033416129123e-07 3.120474230403299555e-03
# Frame 23:
-2.349332706420367931e-03 1.072094075790228014e-04 -9.726351553685075313e-01
8.097736388814938380e-05 -2.915512241963979546e-03 -2.322866469601958528e-01
8.936630183726121351e-07 -1.206333870126639564e-07 -3.119384148614659426e-03
# Frame 24:
-2.333020800674869173e-03 8.988571034383745955e-05 -9.730651034300352720e-01
8.087185282440167977e-05 -2.928903376280344618e-03 -2.304789124350313245e-01
9.204181573515486541e-07 -1.492446098550524121e-07 -3.120789619361402558e-03
# Frame 25:
2.365121931345294266e-03 -8.069832376815142764e-05 9.729111805402463897e-01
-7.851752302828584999e-05 2.941199832841935417e-03 2.311272262652841747e-01
-8.897129969380963539e-07 1.541084719498040178e-07 3.127766368824867922e-03
# Frame 26:
2.345409233942251977e-03 -1.042544588048351290e-04 9.729458857403586736e-01
-7.924169026671137959e-05 2.918734543108311014e-03 2.309816677756884318e-01
-8.989740505471617736e-07 1.202092857907556178e-07 3.120171085443441527e-03
# Frame 27:
2.354481727848164400e-03 -1.076997686155903365e-04 9.731930697310228195e-01
-7.405528772920002558e-05 2.925299324401652804e-03 2.299378112245433481e-01
-8.784776077200153974e-07 1.173467478528048355e-07 3.119928239428254677e-03
# Frame 28:
2.383906338596333569e-03 -1.089504131007772782e-04 9.734436723481998399e-01
-6.886334337204295171e-05 2.941808516229953933e-03 2.288739695207134273e-01
-8.558263167395001936e-07 1.285234295729147287e-07 3.125536946400998307e-03
# Frame 29:
2.348630319460037405e-03 -1.042849123588873933e-04 9.730684302935769248e-01
-7.890446085695725325e-05 2.925018335726758175e-03 2.304647188957196779e-01
-9.106119426371958106e-07 1.235165793989356983e-07 3.123205335620558680e-03
# Frame 30:
2.349858629894957616e-03 -9.895191051218871171e-05 9.730179253484696478e-01
-8.181895265637560135e-05 2.934980956667864078e-03 2.306777536839075826e-01
-9.009758848446298188e-07 1.479070442946833741e-07 3.120652248263401825e-03
# Frame 31:
2.375011777775357363e-03 -1.187089882079264751e-04 9.728953276711104214e-01
-7.373490876565789531e-05 2.926975044370542893e-03 2.311940775792025171e-01
-8.705399358376876205e-07 1.165544312954023708e-07 3.122898451312487202e-03
# Frame 32:
-2.370985290572541222e-03 1.531130311525541921e-04 -9.730696385612982446e-01
6.919514159272742871e-05 -2.903248753176703931e-03 -2.304596734994850959e-01
8.609843878671439478e-07 -6.083265546798994387e-08 -3.120696045886882462e-03
# Frame 33:
-2.471912160889180605e-03 2.031368171417505600e-04 -9.725409606285950748e-01
6.452431712618972304e-05 -2.981569097002668371e-03 -2.326778420010435500e-01
8.084278071637159369e-07 -9.320829850422352541e-08 -3.171152585298645920e-03
# Frame 34:
2.730986746877114325e-03 -2.563365063353039461e-04 9.684851566597172390e-01
-7.410102155287336492e-05 3.179736521477689003e-03 2.490134543593353345e-01
-6.974555707530371424e-07 8.953686249687292029e-08 3.340758149831089471e-03
# Frame 35:
3.258256089939098443e-03 -2.632694931114516312e-04 9.628183346860249570e-01
-4.883167690875252106e-05 3.583459846565789468e-03 2.700810665019360290e-01
-4.808207990957857416e-07 1.055615877416071502e-07 3.680053910720870215e-03
# Frame 36:
3.992108270119247571e-03 -2.615556426554321379e-04 9.521408858988097412e-01
-3.359453209064393575e-05 4.169613422063305277e-03 3.055764864696102201e-01
-1.844612341503428441e-07 1.163364020355257987e-07 4.165593858465532588e-03
# Frame 37:
5.080193884768076720e-03 -2.660068877469688731e-04 9.349500313335062929e-01
3.535534740410873862e-07 5.015943181496492452e-03 3.546739847336218832e-01
2.750557369343737636e-07 7.118664120049359411e-08 4.874899678289779624e-03
# Frame 38:
6.703237057580200935e-03 -2.258646368936882785e-04 9.025187036675801355e-01
5.445279318639260430e-05 6.294005048977327488e-03 4.305113283403157465e-01
9.526291344619051810e-07 -1.111067073137215843e-08 5.948431170682166869e-03
# Frame 39:
8.884994123832217275e-03 9.893754709079953438e-05 8.589221022972489683e-01
1.469504304720015717e-04 8.159152207514503222e-03 5.119114669704404319e-01
1.870918746885072751e-06 3.358545717187754741e-07 7.343425456772728795e-03
# Frame 40:
1.049487487002424314e-02 4.189539150776890909e-04 8.122312192777348949e-01
2.021531154103854049e-04 9.507274849433396471e-03 5.831024168865839297e-01
2.451880792270436415e-06 4.205947363146905909e-07 8.442202531029317086e-03
# Frame 41:
1.101341233875421759e-02 5.607776096889789241e-04 7.922665845551262187e-01
2.177455610807478180e-04 9.924873657261815141e-03 6.099312046977297674e-01
2.644084959635906583e-06 4.184659731751286853e-07 8.799106378006718923e-03
# Frame 42:
1.090418675702089536e-02 5.459600147583992119e-04 7.922446759833648988e-01
2.059906354361605563e-04 9.830825156981057994e-03 6.099636929077180136e-01
2.560305594811728230e-06 3.666188265811000842e-07 8.762407610002341876e-03
# Frame 43:
1.111584539912166374e-02 6.444054340626939039e-04 7.891717703484429913e-01
2.010403045951757281e-04 1.010436023954336925e-02 6.139240864400660191e-01
2.619729425264851955e-06 6.098926758201809238e-07 8.889160604068505403e-03
# Frame 44:
1.106238162088097644e-02 6.179351509920706382e-04 7.930095687567239038e-01
2.175782730357106410e-04 1.003245752586343249e-02 6.089613995461459206e-01
2.629157815958179056e-06 5.782565526243154579e-07 8.853363233108809544e-03
# Frame 45:
1.118520613787158356e-02 6.050508328011496451e-04 7.926168552968374525e-01
2.382755667196911453e-04 1.007679343683369130e-02 6.094685173904653697e-01
2.704733941630783215e-06 4.942404285666620520e-07 8.920400080092457176e-03
# Frame 46:
-1.109547292132571916e-02 -6.109115587074228889e-04 -7.907360937530862888e-01
-2.175669525682704481e-04 -1.003249089389072687e-02 -6.119097396608756956e-01
-2.641787384962217815e-06 -5.094381623457881684e-07 -8.872406428721927099e-03
# Frame 47:
-1.106785269403345873e-02 -5.519811793702112833e-04 -7.903464102163740845e-01
-2.211581964821710542e-04 -9.964385709731788179e-03 -6.124148485367215677e-01
-2.631757531567895086e-06 -4.075907629198972330e-07 -8.858058632897170687e-03
# Frame 48:
1.109762305879763780e-02 5.462459322144734737e-04 7.900999815164333473e-01
2.233042748313174416e-04 9.976088469324986135e-03 6.127318383495429233e-01
2.648090616819072338e-06 3.954532622665162549e-07 8.870492953170350595e-03
# Frame 49:
1.107330943519423821e-02 5.740423310506623375e-04 7.920104161237986329e-01
2.224655739538158221e-04 1.000204589148260756e-02 6.102605273148203890e-01
2.625125731059039812e-06 4.936604606071684259e-07 8.862924253169771061e-03
# Frame 50:
1.097642756377067812e-02 5.424469149724243542e-04 7.897830193013064548e-01
2.068510376374844127e-04 9.906945623344692170e-03 6.131445941374511488e-01
2.582945346695185599e-06 4.263109341070973209e-07 8.804687775558654034e-03
# Frame 51:
-1.110626461212051511e-02 -5.618788795063588311e-04 -7.902506097485744174e-01
-2.271730184455156244e-04 -1.000765007849118392e-02 -6.125368682521501462e-01
-2.648948917821677918e-06 -4.789155531373343932e-07 -8.870700503612908780e-03
# Frame 52:
1.106630763462940030e-02 6.075712394277229828e-04 7.905588423177101198e-01
2.136680786430838542e-04 1.001866577924714376e-02 6.121396479806900937e-01
2.615379777368069058e-06 5.517463923972495472e-07 8.860957662395852613e-03
# Frame 53:
-1.113798206967622252e-02 -6.192842423787422957e-04 -7.922614261237760358e-01
-2.375765247056199126e-04 -1.008881179186567854e-02 -6.099315272350980255e-01
-2.670438514548299288e-06 -5.748981072985256532e-07 -8.893032665279019741e-03
# Frame 54:
1.105622391790865057e-02 5.689073088960749577e-04 7.898605999242875875e-01
2.165922482696785133e-04 9.972510758260560645e-03 6.130417382811842453e-01
2.651742805809996548e-06 4.812942102722149114e-07 8.831657788359904837e-03
# Frame 55:
1.108714942399048088e-02 5.693619587163407979e-04 7.917609897981179312e-01
2.261232201801978892e-04 9.995460242368218659e-03 6.105840961850488302e-01
2.662274874312365873e-06 4.803989246699741578e-07 8.853648960490251990e-03
# Frame 56:
1.107427421908567522e-02 5.496816804608452203e-04 7.901369206590640459e-01
2.221367186167963611e-04 9.952042441098537390e-03 6.126851798123624793e-01
2.638506018672050169e-06 3.806749334729676146e-07 8.859054672966572980e-03
# Frame 57:
1.105153811324506574e-02 5.715426926644614570e-04 7.916873728394085985e-01
2.184599609094405352e-04 9.979242274799593818e-03 6.106805430198826157e-01
2.620084586197792258e-06 4.995429929485148390e-07 8.847705895346433258e-03
# Frame 58:
1.116401375499579719e-02 6.138881015545392342e-04 7.888066753011211407e-01
2.207476692091007379e-04 1.009048232565267281e-02 6.143922482510730809e-01
2.667074902007942271e-06 5.925066372049507188e-07 8.905933813943394881e-03
# Frame 59:
1.094792247012534893e-02 5.066283152627411128e-04 7.923671508972158772e-01
2.111318828468962373e-04 9.855798352460344580e-03 6.098030225081607636e-01
2.567119849707167329e-06 3.515725069964343149e-07 8.790727827026967658e-03
# Frame 60:
1.094819265239652811e-02 5.161941998936735382e-04 7.903576714618215648e-01
2.100419039299216133e-04 9.832940765352455106e-03 6.124056316216067719e-01
2.565269818663877976e-06 3.596073683023759492e-07 8.788247400709815055e-03
# Frame 61:
1.101683441797301696e-02 5.273192459408824031e-04 7.904807612544109130e-01
2.152808998735378937e-04 9.911643656635020158e-03 6.122438788682464939e-01
2.629959547407329804e-06 4.078814469638608942e-07 8.812669056875690327e-03
# Frame 62:
1.093687588884672407e-02 5.128191075999507294e-04 7.927319249619970698e-01
2.091750099743441068e-04 9.853432759879566030e-03 6.093290439110978784e-01
2.557145197645802475e-06 3.822838397648950593e-07 8.786310759663082740e-03
# Frame 63:
1.085545963324224816e-02 4.845732065629536150e-04 7.916010912929892784e-01
1.981747987275460615e-04 9.760586461378600170e-03 6.108009462777992393e-01
2.503963485263121123e-06 2.868896722876353139e-07 8.748265381159147508e-03
# Frame 64:
1.097488435476352484e-02 5.306313785357939057e-04 7.924501450707785999e-01
2.148490052939897770e-04 9.899075713025477438e-03 6.096936629592600854e-01
2.578958564515523560e-06 3.709906109714241871e-07 8.811208856134667561e-03
# Frame 65:
-1.096057393819971706e-02 -5.109963786300936390e-04 -7.922412667931243435e-01
-2.183953398562232405e-04 -9.854769424676319486e-03 -6.099664191281314318e-01
-2.611440368483283543e-06 -3.795295111608504291e-07 -8.785399465868681465e-03
# Frame 66:
1.111549036440553397e-02 5.688868483115528405e-04 7.907358049730717209e-01
2.296668302814696685e-04 1.000078377114530480e-02 6.119100800358691084e-01
2.635928501275704547e-06 4.513988339187152088e-07 8.887884773958085530e-03
# Frame 67:
1.117784359687814047e-02 6.142352926034353811e-04 7.887661398881963271e-01
2.199042093916520079e-04 1.009768532482189542e-02 6.144436913311870363e-01
2.656271508781273828e-06 5.572641592214388183e-07 8.921528039620561790e-03
# Frame 68:
1.107252176443534845e-02 5.617368487803374270e-04 7.918375832237999346e-01
2.263244583328305340e-04 1.000864130343064907e-02 6.104845783958235961e-01
2.617984434909141888e-06 4.933802570767276001e-07 8.870226494054632427e-03
# Frame 69:
1.101182116111753054e-02 5.246416017146691459e-04 7.918406654701830583e-01
2.125373671654596315e-04 9.931807685279294209e-03 6.104836134335694942e-01
2.596166070114737572e-06 3.975551322931486710e-07 8.825916372091641843e-03
# Frame 70:
1.103858684522366837e-02 5.196424816751221611e-04 7.898361155108183373e-01
2.123141393320487609e-04 9.941570833215328598e-03 6.130741409815561038e-01
2.624127802097164262e-06 4.167224617323995537e-07 8.832211029795675877e-03
# Frame 71:
1.119897083552105245e-02 4.132798996632874563e-04 7.866590721096753391e-01
2.304946149241713217e-04 1.001464699072711177e-02 6.171404237851236818e-01
2.763376622897156322e-06 3.169814756011246983e-07 8.903233118312344277e-03
# Frame 72:
1.177609727260811937e-02 4.612282851399389458e-04 7.659669402715801878e-01
2.457423946894705252e-04 1.048820842214143179e-02 6.426192305028696206e-01
2.971687511489828540e-06 3.348641736102265356e-07 9.285412549483182745e-03
# Frame 73:
1.270980535377644847e-02 5.179067222662648608e-04 7.343743809697255154e-01
2.776545187999887089e-04 1.128005921117294398e-02 6.784599497097155707e-01
3.393050859005079132e-06 4.409348066682245916e-07 9.861084938888368956e-03
# Frame 74:
-1.375811609256344381e-02 -6.914309076823062011e-04 -6.903904222926741108e-01
-3.180213991144969143e-04 -1.214819823205671653e-02 -7.231271635204127302e-01
-3.857471499402992835e-06 -5.392177882764195706e-07 -1.052266493253832189e-02
# Frame 75:
1.460299056674635443e-02 7.702115568329879515e-04 6.592928581110872877e-01
3.725718034179082458e-04 1.279703693300108559e-02 7.515537637953877415e-01
4.214156428145880405e-06 5.655899149415300372e-07 1.105096499284461201e-02
# Frame 76:
1.502141680924983652e-02 8.848098622169518800e-04 6.342825258648235875e-01
3.748062115208087783e-04 1.316127997575110287e-02 7.727597238458643325e-01
4.363257348554358584e-06 6.559338330734831312e-07 1.132700061749519933e-02
# Frame 77:
1.500364711711979146e-02 8.828026954398670656e-04 6.315366581486533404e-01
3.537122303071841894e-04 1.317469260523254811e-02 7.750054661962215707e-01
4.324525213860737661e-06 6.580214231664654651e-07 1.133094683932711275e-02
# Frame 78:
-1.509469390658834016e-02 -8.915506501095398374e-04 -6.280940506275246582e-01
-3.700322066217324839e-04 -1.320793384004693115e-02 -7.777953610423233854e-01
-4.422542826986588119e-06 -6.149712095451838613e-07 -1.135820410809012908e-02
# Frame 79:
1.520618298442504707e-02 8.963636525737726443e-04 6.326605726393805806e-01
3.859633401419782406e-04 1.332260021592515144e-02 7.740801636620902038e-01
4.462913321845806882e-06 6.172588693506997873e-07 1.143800328804131863e-02
# Frame 80:
1.499767775088439031e-02 9.289849595496544633e-04 6.332060520568454365e-01
3.648543207548124814e-04 1.318962625113436274e-02 7.736420610014903554e-01
4.352775565127891225e-06 7.089328003033195092e-07 1.132096984386982662e-02
# Frame 81:
-1.522752202748975034e-02 -9.192135639155292861e-04 -6.280717684358007036e-01
-3.746278709993350916e-04 -1.330915291441897921e-02 -7.778078786845344927e-01
-4.472160675693869808e-06 -6.771814946253341958e-07 -1.143508861866738245e-02
# Frame 82:
1.504507204399768705e-02 8.675791135694658389e-04 6.350646649945742572e-01
3.557600599609761754e-04 1.317380500161297215e-02 7.721158754429182647e-01
4.352083450448817466e-06 5.540473282397771967e-07 1.136501453275404715e-02
# Frame 83:
1.504813156453504823e-02 8.700549037544584108e-04 6.339666026962047507e-01
3.688974193996412388e-04 1.316022763072761427e-02 7.730177589700931717e-01
4.356906404422289646e-06 5.364192836101884812e-07 1.137365498419069289e-02
# Frame 84:
1.505962800046403358e-02 8.699350306935212497e-04 6.317838079130821960e-01
3.771482224030899238e-04 1.313291896357274627e-02 7.748030609203614416e-01
4.382631936862922430e-06 4.922462619725819904e-07 1.136977766181330833e-02
# Frame 85:
1.505488895698408637e-02 8.411545621317749293e-04 6.355051087335477078e-01
3.804604661977072826e-04 1.312079900236264203e-02 7.717540120905515000e-01
4.355883337511173472e-06 4.602572476505217660e-07 1.137296080101144261e-02
# Frame 86:
1.507560509980822999e-02 8.659954731568992323e-04 6.346996992618172406e-01
3.723159082199882725e-04 1.317963771397264762e-02 7.724149367324122384e-01
4.368089739980390549e-06 5.409330478126714698e-07 1.138384660637084024e-02
# Frame 87:
1.507456936241493434e-02 8.419809374907320570e-04 6.341606189123377701e-01
3.849780110382940439e-04 1.311882144418808141e-02 7.728588566168054230e-01
4.394114638527403311e-06 4.761931807290238660e-07 1.137074723291296718e-02
# Frame 88:
1.510633188171858418e-02 8.668306942660348189e-04 6.314359498294609407e-01
3.814926125060050482e-04 1.315284213793936792e-02 7.750851920824520791e-01
4.439850500657472112e-06 5.229470573989927778e-07 1.137940271705184525e-02
# Frame 89:
1.517686459472618495e-02 8.365419592543638745e-04 6.387247176938704030e-01
3.907387515774692717e-04 1.322226799529389873e-02 7.690863800458141997e-01
4.435702523413067146e-06 4.342763469930974013e-07 1.143927209044654121e-02
# Frame 90:
1.510942208385655273e-02 8.347920445319645952e-04 6.353051615137308428e-01
3.861671098018902679e-04 1.315270521875815633e-02 7.719168008264297720e-01
4.409603247491415183e-06 4.762690774984798980e-07 1.138727549315594889e-02
# Frame 91:
1.488568919140554649e-02 8.217588716425375684e-04 6.426623232614151471e-01
3.581388695624360867e-04 1.302465258166556929e-02 7.658105346042943795e-01
4.263253592769245375e-06 4.899481877869700041e-07 1.128425727466545597e-02
# Frame 92:
-1.498352688425401598e-02 -8.678387389999018620e-04 -6.341363821169702097e-01
-3.510073490187351594e-04 -1.310480944774778875e-02 -7.728809622189547479e-01
-4.255252998311153860e-06 -5.259425873767231152e-07 -1.135555537743539352e-02
# Frame 93:
1.519370389947873566e-02 8.762718056879005915e-04 6.367210642799864262e-01
3.962035658602787468e-04 1.328737196092820774e-02 7.707444996437382567e-01
4.460076216949246097e-06 6.478548461573505285e-07 1.144005373312722944e-02
# Frame 94:
1.526806359827167364e-02 8.097922286245682125e-04 6.263833868294694796e-01
3.865180057359986188e-04 1.329112095976131384e-02 7.791668097312089980e-01
4.464612448570546828e-06 4.499719540306736498e-07 1.150488918538202995e-02
# Frame 95:
1.573626073063820463e-02 7.774880836251175801e-04 6.009549913045419967e-01
4.082546053599610909e-04 1.363989468017259496e-02 7.989243764490747690e-01
4.725265180001143281e-06 4.272930381231600916e-07 1.176823397510592083e-02
# Frame 96:
1.670292486906084853e-02 7.994593082847361492e-04 5.490633247510332549e-01
4.508203269554734885e-04 1.436375052200183564e-02 8.353988080425750473e-01
5.225234615202234473e-06 3.885033205435329864e-07 1.233488972548742353e-02
# Frame 97:
1.801887613008804762e-02 9.552448264246469816e-04 4.728111921138233309e-01
5.092927873115021820e-04 1.545201501553555672e-02 8.807458659674937129e-01
5.852892824818541851e-06 5.777838480516561573e-07 1.310265704471008999e-02
# Frame 98:
1.915974327150322259e-02 1.062208600365055012e-03 3.887936308932467000e-01
5.508592169579565974e-04 1.635719832780868285e-02 9.208768266448997819e-01
6.410921101332728193e-06 6.597971206708846643e-07 1.375853376551383275e-02
# Frame 99:
2.011364900465683475e-02 1.198847980411878482e-03 2.962134859879247406e-01
5.950986223001503888e-04 1.713220456236765749e-02 9.546481222519110910e-01
6.881208623366049432e-06 7.287349903932878633e-07 1.430631551447335108e-02
# Frame 100:
2.094345084873060550e-02 1.283150071174623099e-03 1.914306426232336711e-01
6.398305804656990309e-04 1.771076372896477139e-02 9.810115967707805362e-01
7.399587065761924177e-06 7.799070143510608201e-07 1.470377054173848709e-02
# Frame 101:
2.134893224926225422e-02 1.404247545847628993e-03 9.843447567201842052e-02
6.462309183777040960e-04 1.799097366083716662e-02 9.946391822124883708e-01
7.630023063342646129e-06 7.381734796938699275e-07 1.488991541503494054e-02
# Frame 102:
2.153575284870029583e-02 1.608498368321416858e-03 4.313496844981915684e-02
6.552490809106213026e-04 1.819756934194912898e-02 9.985574382184951858e-01
7.682498371723393081e-06 9.639062997773698623e-07 1.498199640651557904e-02
# Frame 103:
2.172093283113163409e-02 1.637030965505973604e-03 3.627804545139125952e-02
6.733655871377851017e-04 1.838143347484539822e-02 9.988213255496911636e-01
7.824333126535613537e-06 1.043404581729317636e-06 1.506830023045238262e-02
# Frame 104:
2.153324349275028207e-02 1.537512844743546374e-03 4.672303662761566334e-02
6.583173137951660184e-04 1.814651657930940049e-02 9.983973838762266739e-01
7.772482771975017918e-06 8.104216004948467136e-07 1.496154034910258078e-02
# Frame 105:
2.158142930725701417e-02 1.597194926190634951e-03 3.861948448842693338e-02
6.331793708719793846e-04 1.825735842433360775e-02 9.987401563107132230e-01
7.754178795692570207e-06 9.738177103064471753e-07 1.498647236336980715e-02
# Frame 106:
2.189742348915456674e-02 1.624952527870928863e-03 3.624619595898606605e-02
6.818072105449126535e-04 1.851960783395654661e-02 9.988143797704061022e-01
7.917845109312431355e-06 9.747076397278541768e-07 1.518122581161421465e-02
# Frame 107:
2.181084431688366104e-02 1.655674919089279284e-03 2.825310100507190392e-02
6.729118394678489622e-04 1.842713660251539196e-02 9.990768986010730712e-01
7.876125427914552359e-06 9.838149900601172789e-07 1.512106276995825969e-02
# Frame 108:
2.164732028965565477e-02 1.583941818720767131e-03 3.860148945547036553e-02
6.629975551806921311e-04 1.824590705650122255e-02 9.987388407310832106e-01
7.798277990210751473e-06 8.304166703333213725e-07 1.503944573339151963e-02
# Frame 109:
2.182013738388321328e-02 1.615349439715921742e-03 3.769135713645229563e-02
6.809983575928879596e-04 1.839974979434928076e-02 9.987656036588434816e-01
7.892121243436267159e-06 9.327738569474423692e-07 1.512905091276141138e-02
# Frame 110:
2.185590961307417451e-02 1.659694293344464791e-03 2.728183835722180692e-02
6.796501730346953636e-04 1.843880584508672885e-02 9.991024573996803992e-01
7.915615384910909370e-06 9.748002755257802556e-07 1.513585130247041034e-02
# Frame 111:
2.173373736957804822e-02 1.601085552342729635e-03 3.598562305382118492e-02
6.654325516917201748e-04 1.833478293654605684e-02 9.988322878033591978e-01
7.822348036317980217e-06 9.270229574832709737e-07 1.508541786231262782e-02
# Frame 112:
2.153204549912905025e-02 1.510744172991725824e-03 4.724683842143184015e-02
6.442232599282036098e-04 1.812697725170264035e-02 9.983726321710467699e-01
7.681546715775158186e-06 6.933917729122587321e-07 1.499699544320330473e-02
# Frame 113:
2.194621867296050327e-02 1.619656842460636325e-03 3.464206260636974732e-02
6.928295133582085394e-04 1.848445511135524133e-02 9.988705385509802914e-01
7.961166536501598358e-06 8.539010481532880617e-07 1.520393874342888460e-02
# Frame 114:
2.157974604075795638e-02 1.620632119939799951e-03 2.856293984154402443e-02
6.526786860358664219e-04 1.815273467755459946e-02 9.990806288517353195e-01
7.761229939057080477e-06 9.377405241321950289e-07 1.495980635971535209e-02
# Frame 115:
2.191980133830572636e-02 1.626306357382065887e-03 3.759124415550231524e-02
7.036123797654766053e-04 1.845226301906208524e-02 9.987653592678420456e-01
7.930996309195685804e-06 9.365781843552196940e-07 1.518393169299741240e-02
# Frame 116:
-2.202673591789815200e-02 -1.660229099163765785e-03 -2.970374021698620262e-02
-7.125020525475423295e-04 -1.853919577398464857e-02 -9.990261148948139658e-01
-7.998672652363905333e-06 -9.378834279597206971e-07 -1.524357620305734004e-02
# Frame 117:
2.215158270251254766e-02 1.666862457539291251e-03 2.091627008699211560e-02
7.039097941930092753e-04 1.865468573950138792e-02 9.992437411107777390e-01
8.174321004034929296e-06 9.880953422614921514e-07 1.524767500547311375e-02
# Frame 118:
2.192119170836366940e-02 1.643040455663226027e-03 3.335399773531846218e-02
6.856691602971002166e-04 1.848295781650820951e-02 9.989151761487622405e-01
7.936161840277231334e-06 9.273258501369858344e-07 1.518728189041721952e-02
# Frame 119:
2.207263585870669620e-02 1.650331557859727053e-03 3.214389739006170976e-02
7.143714705897382874e-04 1.857646159359552934e-02 9.989484402351460623e-01
8.023946145427890075e-06 9.084860817411497813e-07 1.527296458448034258e-02
# Frame 120:
2.184183510719010443e-02 1.557824226910362216e-03 5.346455858351154000e-02
6.872802132223642096e-04 1.839393858026950462e-02 9.980443539257681795e-01
7.872602519728376494e-06 7.365165056396225383e-07 1.518902900412390407e-02
# Frame 121:
2.182557341997966999e-02 1.596093690197973461e-03 4.174221563314212124e-02
6.900674708654472647e-04 1.832073351474881526e-02 9.986057978226468013e-01
7.915065165196799197e-06 7.639113959400947042e-07 1.513338316397686359e-02
# Frame 122:
2.142173922803565153e-02 1.495121642001738744e-03 5.482729220212851501e-02
6.337566057386650326e-04 1.797269095551599222e-02 9.979916687925479701e-01
7.705117765517237384e-06 6.244930350466047588e-07 1.490138996177916945e-02
# Frame 123:
2.189493478188284104e-02 1.596299893872087268e-03 4.576890760588577661e-02
6.790593583105952562e-04 1.846948462965836146e-02 9.984241362450684276e-01
7.897122166339326797e-06 8.913440647725780213e-07 1.519644268052261840e-02
# Frame 124:
2.163096105342215969e-02 1.551254897223743176e-03 4.941606270215218727e-02
6.587615113603522863e-04 1.818004538493718861e-02 9.982635365370646774e-01
7.752248582729148323e-06 7.015270317922846409e-07 1.505693933579111202e-02
# Frame 125:
2.174095092668479681e-02 1.573665623634553637e-03 5.568944323132785090e-02
6.580909567838156508e-04 1.835714280086370859e-02 9.979261212178662799e-01
7.766137081917067541e-06 7.820506331434777048e-07 1.515187435646543623e-02
# Frame 126:
2.165655631536854767e-02 1.576710135051806374e-03 4.873410827314219457e-02
6.493379281665279503e-04 1.821742642320723499e-02 9.982958167678578354e-01
7.766190796096298683e-06 7.527594045436979888e-07 1.505523637196966476e-02
# Frame 127:
2.180505697725181741e-02 1.588933180293925678e-03 4.742793005182020794e-02
6.878260603441617395e-04 1.823233751961209764e-02 9.983545800846245211e-01
7.974122010835208821e-06 6.342331384696338540e-07 1.509461349332178945e-02
# Frame 128:
2.161193599749932498e-02 1.823463907907357361e-03 8.122383475119065999e-02
6.421861280442580245e-04 1.829761919244465504e-02 9.961770838627606039e-01
7.616271296247743044e-06 1.007712045624809270e-06 1.510927286989073061e-02
# Frame 129:
2.110698246285830706e-02 1.861690301889106641e-03 1.880892209206374566e-01
6.304625784971914842e-04 1.791705670771854414e-02 9.816467662122464466e-01
7.265422086939946322e-06 1.087343717436849015e-06 1.488899932635922262e-02
# Frame 130:
1.941451605898217303e-02 1.899397701021875683e-03 3.649974145809556370e-01
5.472066906463153710e-04 1.670577871154113256e-02 9.305476222419517551e-01
6.203315830561135191e-06 1.125995582515055283e-06 1.407467322415803523e-02
# Frame 131:
1.647478231842932489e-02 1.507720630156137494e-03 5.744784563798084331e-01
4.417962842179469713e-04 1.431265984755689287e-02 8.181341881818153805e-01
4.856965221745792376e-06 6.709384689224452427e-07 1.233751067708007028e-02
# Frame 132:
1.296173144841462378e-02 1.280344935849755429e-03 7.328843043054451556e-01
2.954594991331460879e-04 1.155799232551755346e-02 6.800539523378049678e-01
3.205182617577751620e-06 7.357903283629973178e-07 1.019304436524704621e-02
# Frame 133:
1.005071537323548245e-02 8.922364062928755642e-04 8.305882779325454157e-01
2.001475477476513470e-04 9.144453243708236187e-03 5.566586886569800940e-01
2.037931208358351820e-06 4.847801731773199644e-07 8.291130795425972339e-03
# Frame 134:
8.015991331909578035e-03 6.343760963792736745e-04 8.847371772752454788e-01
1.389192178843260761e-04 7.466063284717180601e-03 4.659096445642657014e-01
1.267414208546411646e-06 3.488641534492140161e-07 6.921726498253794567e-03
# Frame 135:
-6.381313492832263283e-03 -4.615862359028143676e-04 -9.157119144694241264e-01
-6.717689020985783690e-05 -6.134170173101555212e-03 -4.016947413000279132e-01
-5.887124102593241026e-07 -2.524111780742822020e-07 -5.870070701526102636e-03
# Frame 136:
5.425792730702394887e-03 2.389538551320417837e-04 9.332554051052944777e-01
4.074256612116501262e-05 5.316783207069680252e-03 3.590956054778267625e-01
2.751689507043216048e-07 1.673883667174147981e-07 5.189296564334359117e-03
# Frame 137:
4.905806139016047340e-03 6.530241374450671964e-05 9.408928668520205596e-01
2.444044982147238097e-05 4.871390385972771721e-03 3.385991948816444164e-01
9.944836476444510582e-08 6.542589221789545208e-08 4.836950750976559167e-03
# Frame 138:
4.871203336273334863e-03 3.905005345874713413e-05 9.418301243624419561e-01
2.480156662988692716e-05 4.812990921133683715e-03 3.359854089890699225e-01
1.115040168903625162e-07 5.345562550486814693e-08 4.788125550263271427e-03
# Frame 139:
-4.750382263672214313e-03 -2.611682373751925788e-05 -9.434238249903996731e-01
-1.079603841004892955e-05 -4.768014733057246088e-03 -3.314871754935179715e-01
-1.751129552848145340e-08 -7.154176772103405159e-08 -4.736879671239295313e-03
# Frame 140:
4.766557008387347499e-03 4.507443024913346263e-05 9.430278472003206236e-01
4.144073534259905897e-06 4.785435375566677793e-03 3.326114668646691919e-01
2.061054273270796868e-08 1.325259950850352391e-07 4.740148575547413999e-03
# Frame 141:
-4.752237150612396988e-03 -4.751527090031186870e-05 -9.431264920386607242e-01
-1.711733836797298542e-06 -4.773772215331817392e-03 -3.323320737664562929e-01
-8.871092532704347609e-09 -1.164175695846587501e-07 -4.736859845066269080e-03
# Frame 142:
4.756517381432244333e-03 4.590358967842913022e-05 9.435099302730328708e-01
9.414930777678862602e-06 4.780085963149259022e-03 3.312417642150188302e-01
2.096401300715158437e-08 1.082069238372719474e-07 4.735951930777292443e-03
# Frame 143:
4.772483957329518717e-03 3.043335031943646905e-05 9.427194823002299495e-01
1.241602939718270757e-05 4.750900765200754931e-03 3.334849090699963936e-01
3.897249345105646099e-08 7.230107236735772913e-08 4.737549219258354281e-03
# Frame 144:
4.698112515433493577e-03 1.710842843413761658e-05 9.437171665082966232e-01
1.900333633085028099e-06 4.731092929519841415e-03 3.306527384031389127e-01
-2.444788829074716502e-08 5.572254814616475010e-08 4.713854710167530646e-03
# Frame 145:
4.700826104584896262e-03 4.246118589051689973e-05 9.438583832172635635e-01
2.027765162653601041e-06 4.736873582154586641e-03 3.302492894496583675e-01
-2.742409140598924816e-08 1.135045801266720515e-07 4.713990243213593730e-03
# Frame 146:
4.755651539562857563e-03 2.863069411751449194e-05 9.434735419563968772e-01
1.197387657859678997e-05 4.760161685146515644e-03 3.313457997799117982e-01
4.202360173354943985e-08 5.879119210021129189e-08 4.728664984095149598e-03
# Frame 147:
4.770486267201810154e-03 3.441474457422445980e-05 9.437674291523702186e-01
1.527093492613977615e-05 4.769592994721923336e-03 3.305074573505963342e-01
5.352158508578850058e-08 1.041705192875454931e-07 4.727825358331984480e-03
# Frame 148:
4.780716527167313233e-03 6.049385980737548280e-05 9.442303740062556461e-01
1.692989702772863364e-05 4.798797716309734229e-03 3.291816851131871280e-01
2.448854065117727829e-08 1.316442173410899278e-07 4.746718220785153645e-03
# Frame 149:
-4.727111668943777094e-03 -2.883709421751709423e-05 -9.439734067281260188e-01
-1.291513696604582095e-05 -4.739084821322929117e-03 -3.299199112903866138e-01
-2.182723474701855856e-08 -6.934989109080247187e-08 -4.717416261101556492e-03
# Frame 150:
4.737233650313330512e-03 5.619626293889265262e-05 9.442204981086811388e-01
8.525227452425203104e-06 4.775289675020074828e-03 3.292114115636465277e-01
3.495856613104376204e-08 1.545961807204090734e-07 4.716931502925752855e-03
# Frame 151:
4.780851065298963309e-03 6.432427603054171542e-05 9.434622625104235327e-01
1.137701686682423131e-05 4.794047610552233836e-03 3.313769655667264113e-01
5.434791040873014615e-08 1.605672074510188601e-07 4.735210029454069505e-03
# Frame 152:
4.784245219397739897e-03 6.630276092962997811e-05 9.446111645025188075e-01
2.092707061292709751e-05 4.806189545393430712e-03 3.280873172890608203e-01
5.160340306453953149e-08 1.619337513680554258e-07 4.739919510892799843e-03
# Frame 153:
4.730770173608932379e-03 1.975698750623718119e-05 9.436958965087097750e-01
1.195961989557200101e-05 4.729464899979946534e-03 3.307129533791849929e-01
2.618457787876204049e-08 5.633639605914648050e-08 4.716865674227126159e-03
# Frame 154:
4.782753764286521922e-03 4.938647419613300760e-05 9.432652939158965300e-01
1.318583884965227024e-05 4.775189151675736203e-03 3.319374392303516275e-01
5.515171666629143430e-08 1.124421533677794635e-07 4.737293852369180505e-03
# Frame 155:
4.739275707600383060e-03 4.615362458601471187e-06 9.436338755169456638e-01
1.184476730207178165e-05 4.720175706222989008e-03 3.308899116826170550e-01
3.224857061922137975e-08 4.542968695888085173e-08 4.715333392835170147e-03
# Frame 156:
4.739153662132624192e-03 4.203660919218037937e-05 9.443902744410618277e-01
1.228320454540009713e-05 4.764936181483688318e-03 3.287241195340940281e-01
1.772086414636930167e-08 1.103241876481815131e-07 4.721934503701448287e-03
# Frame 157:
4.734241674532526332e-03 3.757249520943801654e-05 9.424981816432826953e-01
4.624577943153883737e-06 4.728354160236596278e-03 3.341109650729566782e-01
2.784037759620047266e-08 6.701278957582565821e-08 4.718983655539754803e-03
# Frame 158:
4.766766644424849826e-03 5.160772032092974377e-05 9.429639469135031593e-01
1.148717782275022822e-05 4.761684239607661372e-03 3.327930444684837341e-01
4.229061041504300689e-08 1.131174065641312056e-07 4.731371718496216357e-03
# Frame 159:
4.765673564905452061e-03 7.596512548402439813e-05 9.441932140484021740e-01
7.371325275963914538e-06 4.805278818524467456e-03 3.292884728382605708e-01
2.285728701791660597e-08 1.719304696463110855e-07 4.740045007926307202e-03
# Frame 160:
-4.775482663295116913e-03 -5.117064484102302622e-05 -9.447011874853046276e-01
-1.619241466408855137e-05 -4.800717884030910459e-03 -3.278282430117246404e-01
-3.403881734964901580e-08 -1.430411748975594016e-07 -4.738611630055908699e-03
# Frame 161:
4.747756906754263366e-03 3.118533859762253572e-05 9.431016509661841463e-01
4.308352372922843280e-08 4.754377321614209825e-03 3.324029849207542631e-01
1.089767511522857213e-08 6.747345173550603112e-08 4.731309410421762930e-03
# Frame 162:
4.753804341816886790e-03 2.387387660866685049e-05 9.428503591930735839e-01
-2.172190702720089472e-06 4.757676195742451507e-03 3.331149031856384113e-01
1.347996762065009601e-08 5.504803649485011020e-08 4.735687059716699177e-03
# Frame 163:
4.737727546923311064e-03 9.636940624024444512e-06 9.433522984433594383e-01
1.238811857525820927e-06 4.739599650793470918e-03 3.316914361440163606e-01
1.157748001913158165e-08 4.535955237865920354e-08 4.724642715066376154e-03
# Frame 164:
-4.769398705284206251e-03 -2.865030745935598423e-06 -9.436035927158411551e-01
-5.902061150157721446e-06 -4.756384454669731338e-03 -3.309749558892465804e-01
-2.758927374961932503e-08 -1.742777734245305881e-08 -4.740040900030537130e-03
# Frame 165:
4.690858766315460747e-03 1.403816492694770254e-05 9.431956756362366301e-01
-1.975263952559494547e-06 4.692226378408118938e-03 3.321381018741760838e-01
-1.840564888803293828e-08 8.859977545664086204e-09 4.709288608537301989e-03
# Frame 166:
4.764355460073079092e-03 6.798795318087638458e-06 9.428441085626341200e-01
2.152783658496879869e-06 4.740539516122427993e-03 3.331327356403449569e-01
3.881027317954706187e-08 1.494447581548615860e-08 4.732393136492300638e-03
# Frame 167:
4.723400257581790093e-03 1.502053128645646246e-05 9.436987651796985288e-01
7.212149992854569451e-07 4.735972488354635995e-03 3.307047379920677876e-01
2.289141514395315301e-09 4.247749490293971161e-08 4.719819527082250339e-03
# Frame 168:
4.745913752256315440e-03 -8.753509865621552589e-06 9.436335005511100604e-01
3.819007441275630852e-06 4.736649802942795480e-03 3.308904531573530483e-01
1.775301152666561188e-08 -1.075646135293461628e-08 4.729165578732838146e-03
# Frame 169:
4.742977485454057812e-03 6.027493852246615793e-06 9.434692527537056339e-01
1.125996000436973703e-06 4.743144967932437679e-03 3.313584657688166679e-01
1.585024016353552622e-08 2.301116101456589132e-08 4.726835567969858189e-03
# Frame 170:
4.739665403517208907e-03 2.094101195935923831e-05 9.432433595774694091e-01
-5.196102882184858138e-07 4.746151460488238355e-03 3.320009583327032110e-01
1.291540069612393639e-08 4.868781399099316702e-08 4.726252062030588362e-03
# Frame 171:
4.748773256472637802e-03 2.096905250197956912e-05 9.431095699575191560e-01
-5.072870922605062248e-07 4.753723803496288230e-03 3.323805287321141000e-01
1.763919562262853760e-08 4.466122318417715691e-08 4.730115950057792867e-03
# Frame 172:
4.733013344409802217e-03 6.313583749183851274e-06 9.429498032996533885e-01
-2.709109855484581508e-06 4.730620667204001734e-03 3.328341172822990579e-01
3.480427668987666492e-09 9.352434367157120815e-09 4.726372355352187297e-03
# Frame 173:
4.751652067254046388e-03 2.036005138426013645e-05 9.427988200936319174e-01
-1.345618047146425114e-06 4.749337674819358555e-03 3.332608913867456946e-01
1.080131256260031797e-08 3.331278085452018706e-08 4.735850515550125810e-03
# Frame 174:
4.734689174152666505e-03 3.074176063207926331e-05 9.429139538095903106e-01
-4.590462305534888054e-06 4.746800670522702270e-03 3.329353670965052858e-01
-4.287916573112786150e-09 6.268452531096980893e-08 4.729342783884989132e-03
# Frame 175:
-4.726949910915233255e-03 -1.578566558297240927e-05 -9.424843091730726874e-01
4.168126003271111895e-06 -4.728764774675638626e-03 -3.341501536610597678e-01
-3.445911760472668091e-09 -2.576046700460954704e-08 -4.721888661337868623e-03
# Frame 176:
4.754181462256817578e-03 4.404290462327155802e-05 9.436425428052392927e-01
2.610715163916017320e-06 4.774293773553634976e-03 3.308638941258418287e-01
1.254068411459357514e-08 8.105448888843637013e-08 4.736760806046844303e-03
# Frame 177:
4.722892555822275594e-03 9.252053621377378701e-06 9.435855487424118504e-01
-1.650949672849183218e-07 4.726533969077235768e-03 3.310278104685614453e-01
5.587803158930638370e-09 1.712691252707318669e-08 4.717518181113918539e-03
# Frame 178:
-4.725164466194766398e-03 -9.266375568100142389e-06 -9.430458301739484961e-01
3.508338647832645295e-06 -4.723680517345570963e-03 -3.325622808871799285e-01
-8.836508959867799623e-09 -2.912442798934511371e-08 -4.717105850818356823e-03
# Frame 179:
4.722379567737713252e-03 2.440278129685285490e-05 9.432923663755519161e-01
-2.803029412611216498e-06 4.739926419282637464e-03 3.318621417357994208e-01
-3.547811678803391026e-09 6.523879226358265656e-08 4.718267218042251736e-03
# Frame 180:
4.729500235263737508e-03 3.547914564689868617e-05 9.427436495889430779e-01
-4.944434596278421603e-06 4.739587979445130869e-03 3.334175030598506839e-01
-5.727761754447322727e-09 5.815924920005066801e-08 4.727225734402380752e-03
# Frame 181:
4.757086629302589853e-03 1.894794901823502288e-05 9.429112449315052435e-01
-1.155838513053607509e-06 4.754839353536165041e-03 3.329425204799252302e-01
1.520973804162413646e-08 4.307327101109022388e-08 4.735346592822199836e-03
# Frame 182:
4.758043752055175941e-03 2.132796248916440270e-05 9.449199184813520391e-01
9.267336148851629401e-06 4.771488755085430758e-03 3.271979478853317413e-01
2.105550110456264044e-08 4.848319039556535164e-08 4.737502587612998396e-03
# Frame 183:
4.735036360472138876e-03 4.848345770551976933e-05 9.446288462936928143e-01
2.911022578630563207e-06 4.780850499805255893e-03 3.280375490568114838e-01
-1.555778082118522941e-08 1.021754315493818259e-07 4.736000282941434797e-03
# Frame 184:
-4.775614308555106019e-03 -2.070843717867025102e-05 -9.431623630251232404e-01
-2.153742716359040928e-06 -4.771341879930708282e-03 -3.322298674576119049e-01
-2.739013086146116834e-08 -4.573774396595063884e-08 -4.743365168665800331e-03
# Frame 185:
4.716912214135384959e-03 -2.609407226037433131e-05 9.427994120249347798e-01
-2.884607990831283489e-06 4.687361031588320633e-03 3.332609028018629349e-01
5.300427374884974391e-09 -5.551135421103173426e-08 4.713602191955881641e-03
# Frame 186:
-4.725779659621407239e-03 -3.975804318744587601e-06 -9.422911256352919374e-01
6.983970023897875848e-06 -4.711706537633827616e-03 -3.346948051612871344e-01
-9.056232848445268277e-10 1.571329774368335232e-10 -4.721092093070227390e-03
# Frame 187:
-4.729461672777524571e-03 -2.146014618668819668e-05 -9.444135128754981290e-01
-2.272160556701591981e-06 -4.750068253647025777e-03 -3.286576588051542958e-01
-8.059665083584078827e-10 -5.354906270020325191e-08 -4.725313221778963332e-03
# Frame 188:
4.709404443505794090e-03 -2.490239006981423761e-06 9.440252152188538526e-01
6.409783997724692479e-07 4.711880185096765927e-03 3.297723033277863980e-01
-6.491085517401919650e-09 -9.519268602451834801e-09 4.716002245518311799e-03
# Frame 189:
-4.694137436346270016e-03 -1.063359557131251350e-06 -9.439668411582088359e-01
2.203967670227254943e-06 -4.706515020498461092e-03 -3.299397709300377901e-01
1.320131423930341017e-08 -6.917804015186254226e-09 -4.707880258601956913e-03
# Frame 190:
-4.728488114494608548e-03 -1.150163032962306000e-05 -9.438722025781607350e-01
-9.705188485277401070e-07 -4.731082183483271281e-03 -3.302093402251996546e-01
-3.005327171114004259e-09 -1.783293678349108431e-08 -4.723870932250344434e-03
# Frame 191:
4.749738839837497166e-03 1.218566364856362538e-05 9.435661424063895852e-01
2.071735778531577951e-06 4.741242499396797032e-03 3.310822847332227092e-01
1.252453488637574334e-08 1.616185183717647968e-08 4.734563114675806837e-03
# Frame 192:
4.714257529619263719e-03 -1.611949994541327384e-06 9.443206339551002415e-01
-8.107359569143569395e-07 4.734638601866219404e-03 3.289249929289589369e-01
-7.357232786265909906e-09 3.441960179139431925e-08 4.716808594717300865e-03
# Frame 193:
4.724804920982727564e-03 1.563728628276107708e-05 9.438747061702857932e-01
5.521464896357614898e-07 4.736622952637417096e-03 3.302021940642043130e-01
3.105165606886604699e-09 3.932722344501754504e-08 4.721277769260972049e-03
# Frame 194:
4.730874795285953775e-03 -7.232105235286147429e-06 9.445149729318785825e-01
8.566511443347517459e-06 4.720370996045904384e-03 3.283664377603950912e-01
1.930352887624196235e-08 -1.367180234676090693e-08 4.720726181767443720e-03
# Frame 195:
4.659338014277774123e-03 -5.470594546905221668e-06 9.440090888068447539e-01
-6.730003459475629216e-06 4.683489849048229174e-03 3.298199555978267306e-01
-2.765676402395316032e-08 3.144969282737352245e-09 4.689622202238129083e-03
# Frame 196:
4.708621932676816495e-03 1.956131341155229329e-05 9.438589173495230966e-01
-2.118884271657025630e-06 4.723070775148311209e-03 3.302477225717073694e-01
-1.759378370662546933e-08 2.255140212602109549e-10 4.723025598009569434e-03
# Frame 197:
4.737837961059993691e-03 4.368670811575478216e-05 9.435786338484178914e-01
-3.014222031217610662e-06 4.757803394405417732e-03 3.310466857694511211e-01
2.418031962311974173e-09 8.086801842502786399e-08 4.729467888663727027e-03
# Frame 198:
4.686007924745242033e-03 -1.572460170526504753e-05 9.435248293874161085e-01
-4.346164656552349871e-06 4.685627260473486898e-03 3.312021580526448017e-01
-1.426492540668106839e-08 -2.416863238066304995e-08 4.702423999438570812e-03
# Frame 199:
4.688304401678547104e-03 8.819658316346095555e-06 9.443088445932925623e-01
-4.550579697671274075e-06 4.718769503070150903e-03 3.289595330304039833e-01
-2.735512809269543130e-08 2.543273336302795935e-08 4.710049789314387295e-03
# Frame 200:
0.000000000000000000e+00 0.000000000000000000e+00 0.000000000000000000e+00
0.000000000000000000e+00 0.000000000000000000e+00 0.000000000000000000e+00
0.000000000000000000e+00 0.000000000000000000e+00 0.000000000000000000e+00
# Frame 201:
4.745086322663157399e-03 2.928374890348447800e-05 9.430433524318688754e-01
-3.037175929547779746e-06 4.753838032291424556e-03 3.325681995816264780e-01
-1.141784938579721131e-08 3.270095331541286575e-08 4.744720654257163217e-03
# Frame 202:
4.680164075049327542e-03 -7.123052413377054704e-06 9.449312414408800320e-01
4.383090572942282344e-06 4.702019086910399874e-03 3.271678622681782889e-01
-2.203629396459186949e-08 -3.961339086639343606e-09 4.703813203597191454e-03
# Frame 203:
-4.661083397182760532e-03 1.822438795384008747e-05 -9.438950907914470667e-01
3.616711752581182651e-06 -4.664782331489886018e-03 -3.301461778014539994e-01
4.141718455939268680e-08 2.197909654031736254e-08 -4.698151237466619522e-03
# Frame 204:
4.678983424793453291e-03 3.186079782777812577e-06 9.440950170371799066e-01
-5.826048967663247192e-06 4.705839292544635941e-03 3.295730352997998658e-01
-4.172721633327610109e-08 3.833595100641417939e-09 4.709071608224111270e-03
# Frame 205:
4.720370939523352988e-03 -3.500303900243064504e-06 9.436248503896980111e-01
1.040032308623282932e-06 4.713410571653959755e-03 3.309159941050681120e-01
8.891242231882485029e-09 -1.079517036056246173e-08 4.716822883739356723e-03
# Frame 206:
4.749660816682412835e-03 2.909801301092160603e-05 9.441819676244389559e-01
9.773281952169937947e-07 4.762835285967314050e-03 3.293216045474138820e-01
-1.279215536126392227e-09 5.274828313615240462e-08 4.737938968872298061e-03
# Frame 207:
4.713417263910823010e-03 -1.135370601084442305e-05 9.442384664595064869e-01
1.448221207206869498e-06 4.713589560986216481e-03 3.291611143067131873e-01
-2.231656179613987965e-09 -2.402142281057959994e-08 4.716452767106527055e-03
# Frame 208:
-4.743011762511240882e-03 -2.294246945840362740e-05 -9.446551649433148068e-01
-2.306591646981892079e-06 -4.766020160698514543e-03 -3.279619007909471140e-01
-3.438818603842647569e-09 -5.711875135578550911e-08 -4.732793580451052570e-03
# Frame 209:
4.751366858017214492e-03 1.808747680765502612e-05 9.436922306406859695e-01
-8.832963645066595542e-07 4.752403447043843446e-03 3.307225405901031423e-01
1.067084285522092457e-08 3.612900167728727573e-08 4.734323663710518319e-03
# Frame 210:
-4.765684834298829740e-03 -1.608380133772491721e-05 -9.438824122667042182e-01
-4.378029829825669873e-06 -4.753663315569761280e-03 -3.301790084036562156e-01
-1.834332772616800206e-08 -4.913406996433644464e-09 -4.743930696341554232e-03
# Frame 211:
4.718803766946333411e-03 1.067680745383967205e-05 9.444429129293220315e-01
-1.201967836186174713e-07 4.733532528131183248e-03 3.285735873422149234e-01
-6.166065908641913950e-09 9.453727217968376803e-09 4.723173239512777448e-03
# Frame 212:
-4.747984143788185583e-03 -2.940343791947448964e-05 -9.443226262216383171e-01
-1.682975727360816935e-06 -4.763629152672895287e-03 -3.289180911519258843e-01
-7.655297631887594531e-09 -4.282755147212006842e-08 -4.736088608869064819e-03
# Frame 213:
-4.744553933918523557e-03 -1.909225227309788495e-05 -9.438297860480391321e-01
-1.205297829894834602e-06 -4.747011723741544759e-03 -3.303298496950698993e-01
7.497094606701466212e-09 -1.632399461351951543e-08 -4.741317395117081515e-03
# Frame 214:
4.756304638418882257e-03 5.420721742751861435e-05 9.437774515369059536e-01
-1.927751597688899582e-06 4.779920136396382906e-03 3.304785382187614973e-01
-1.166837587954692013e-08 6.773604362965981075e-08 4.752339931733576099e-03
# Frame 215:
4.740307305393196870e-03 1.158406744786521615e-05 9.445022302562749994e-01
4.179841344339265743e-06 4.745376215506339271e-03 3.284025246915370788e-01
1.709500265552001138e-08 1.386069084246346717e-08 4.725416035506154952e-03
# Frame 216:
-4.731103464247725723e-03 -1.022766905495375159e-05 -9.436511185124420997e-01
-6.940746677585202900e-07 -4.725443237861118133e-03 -3.308406663326609598e-01
-9.932038958085658267e-09 -6.308538405622157737e-09 -4.723004542408466497e-03
# Frame 217:
4.730328298923803902e-03 -2.398237067329363578e-05 9.441506875775831364e-01
7.118585045028374523e-06 4.702895385990191537e-03 3.294126634715843216e-01
2.034036988559885761e-08 -7.093409453636789274e-08 4.720427382478687740e-03
# Frame 218:
4.758947654411638077e-03 -3.554947163257526529e-06 9.447045578065212945e-01
8.208523072686166249e-06 4.750500078893743483e-03 3.278194946597793868e-01
1.781352102361624744e-08 -1.604731518918175732e-08 4.739458491927731401e-03
# Frame 219:
4.760936125625041086e-03 3.077048320985584120e-05 9.446305582734564332e-01
5.328342693202303709e-06 4.775933640516800624e-03 3.280321663179675551e-01
2.339794058965278256e-09 4.182411829849850257e-08 4.746494134883691429e-03
# Frame 220:
4.764536220399781530e-03 4.994685689724135963e-06 9.437842474891056099e-01
5.188756766831899285e-06 4.743988431446849799e-03 3.304596986928710622e-01
2.254938580402404791e-08 -2.119005938719367800e-08 4.740827747964740033e-03
# Frame 221:
4.764138935436736111e-03 3.461346669403960342e-05 9.440371806688402367e-01
2.503924139309523491e-06 4.774315072254097132e-03 3.297359867160379321e-01
1.516724227543605667e-08 5.485561285096621792e-08 4.742179947871758526e-03
# Frame 222:
4.744132960189078284e-03 -1.141137732891518315e-05 9.445138800886464514e-01
4.686546130966164093e-06 4.730871428315921133e-03 3.283691005295099608e-01
1.409562896990042794e-08 -3.388862671214560381e-08 4.730332243221255055e-03
# Frame 223:
4.773470622098104077e-03 5.420862102863498432e-06 9.445073946854570801e-01
8.570100499375053188e-06 4.761720057381536690e-03 3.283867600167238443e-01
3.838585799256405474e-08 4.025545884681447982e-09 4.738895197205071630e-03
# Frame 224:
4.794024495447488619e-03 5.080047885312686384e-05 9.447922544371859521e-01
7.549753288583798056e-06 4.812325548730433597e-03 3.275649771016243550e-01
2.617508991789044592e-08 8.389157490166699348e-08 4.757935073811521594e-03
# Frame 225:
-4.780519707939101873e-03 -2.509675412777848187e-05 -9.447232627259654070e-01
-7.680939993698614283e-06 -4.785790709795845199e-03 -3.277646474842922930e-01
-2.742950672581705935e-08 -4.321290416249272974e-08 -4.747091073777296930e-03
# Frame 226:
4.755388505323655465e-03 -5.974950058348027272e-07 9.440786865662796901e-01
1.603328999439358868e-07 4.755037252847543403e-03 3.296176659047909685e-01
1.887574801106343033e-08 -3.556506160137755776e-09 4.733264758062138283e-03
# Frame 227:
4.754291638838351909e-03 8.385542304061522278e-06 9.443920622487498306e-01
4.880304824176046714e-06 4.758808691114806665e-03 3.287186128852125355e-01
1.225844939245625572e-08 -3.167426818630317574e-11 4.738845966523936616e-03
# Frame 228:
4.781578271842479820e-03 -8.308161417658854031e-06 9.445578900804205702e-01
1.004535753894869841e-05 4.758107998120071104e-03 3.282413035313376248e-01
3.778386683700153575e-08 -4.779281787076507777e-08 4.747177102452338274e-03
# Frame 229:
-4.794473656926078256e-03 -4.430718759385105139e-05 -9.458916677374225035e-01
-1.224443421600959906e-05 -4.823114406236672647e-03 -3.243764024725137030e-01
-2.796245331010536751e-08 -6.054150406171414668e-08 -4.759296232356612782e-03
# Frame 230:
4.702267076231683718e-03 -3.445956146938698929e-06 9.448965375019272583e-01
2.120243463401322782e-06 4.720259818864270748e-03 3.272674051641186188e-01
-8.521832028454479897e-09 -1.359637288221799534e-08 4.710281226160638150e-03
# Frame 231:
4.732606573919388021e-03 2.421664073542843223e-05 9.444312318278528240e-01
1.694836522138868919e-06 4.758242775440760415e-03 3.286065977189755460e-01
4.597474811162923679e-09 4.641259876596632661e-08 4.723690831382208744e-03
# Frame 232:
-4.718180915459435458e-03 1.653773073744452721e-05 -9.446448376427277749e-01
-4.841182738245917569e-06 -4.715951358797297772e-03 -3.279930008901205674e-01
-8.490200292271216023e-09 3.891296218483195301e-08 -4.713847338755473501e-03
# Frame 233:
4.758792953742766590e-03 6.795875437682992697e-07 9.442605613976451373e-01
4.455072110967134351e-06 4.755193271681654177e-03 3.290961421189816938e-01
7.435544904094004772e-09 -2.017472360395741228e-08 4.739560915244188030e-03
# Frame 234:
4.683385722419987525e-03 -2.662288267628870603e-05 9.441172579098341400e-01
-1.022170527044987885e-06 4.684756621997326030e-03 3.295096684605898774e-01
-8.468686539807910399e-09 -7.505153468632433366e-08 4.701058555991701610e-03
# Frame 235:
4.775554520916871701e-03 4.520223078248370482e-05 9.441903274920047107e-01
5.225412382336777125e-06 4.803924964003608057e-03 3.292964006841843094e-01
-3.026965640942926297e-09 6.723014350030222358e-08 4.756078257247985455e-03
# Frame 236:
-4.788400031892819930e-03 8.352398088651165591e-06 -9.452577295601248819e-01
-1.781694838460948235e-05 -4.769251715589176849e-03 -3.262202094542455133e-01
-5.003317121467880013e-08 3.166307503752987041e-08 -4.746022172793085310e-03
# Frame 237:
4.748014745757389056e-03 1.281926600486149789e-05 9.438716733203543763e-01
1.558041821713611846e-06 4.763348275047308428e-03 3.302098913720230011e-01
2.511728672605201245e-09 -3.088397404916613707e-09 4.739055384162941739e-03
# Frame 238:
4.767703492072564858e-03 -2.053929414139883038e-05 9.445939534300957785e-01
1.212692192258020528e-05 4.751878224100469263e-03 3.281379236953744227e-01
3.239712575443124797e-08 -4.703544213663133041e-08 4.738593041982265032e-03
# Frame 239:
4.745850979180205910e-03 1.406201157292681609e-05 9.441333937193291392e-01
2.575575709450153791e-06 4.765454256439432754e-03 3.294608454896558736e-01
-1.417875997657270118e-10 3.934402158933214618e-09 4.738490593269838354e-03
# Frame 240:
4.726655652983494278e-03 -5.059163038109091652e-06 9.448613798098889349e-01
5.275213803760439185e-06 4.745289509994561963e-03 3.273680333586286295e-01
9.631905139869813710e-09 -1.785855709810928754e-08 4.720654513718420577e-03
# Frame 241:
4.701751164380336273e-03 -2.280350684489437121e-05 9.447317318872517911e-01
3.041237733507649473e-06 4.715789987091621727e-03 3.277428388615524213e-01
-1.831973087588385349e-08 -4.319201999092971345e-08 4.716001677160209030e-03
# Frame 242:
4.669296927067834689e-03 -3.082376211034937606e-05 9.435224217769524468e-01
-6.061226785968966467e-06 4.685542952869043223e-03 3.312092755530734456e-01
-3.439546858606492342e-08 -6.496618085141026000e-08 4.700825284814175338e-03
# Frame 243:
4.675841154067576430e-03 -1.861723893950033911e-06 9.457722848198411025e-01
5.203111183178642649e-07 4.730973012704638853e-03 3.247280498168343410e-01
-4.615420002017317006e-08 -1.943058356148885961e-08 4.715223104867888836e-03
# Frame 244:
4.698018197935262784e-03 1.868900020575516875e-05 9.451215082056841910e-01
8.968694462817150706e-07 4.751745843109712181e-03 3.266166109014607133e-01
-3.153815531245031804e-08 3.335918027750250452e-08 4.719469951689508891e-03
# Frame 245:
4.703070333874551437e-03 -2.520506033680337051e-05 9.449712161366380370e-01
3.855857108322316845e-06 4.722391539317720953e-03 3.270516731572139513e-01
7.818759755521544862e-10 -4.987128578130022449e-08 4.709910373820612797e-03
# Frame 246:
4.707054857136757850e-03 -2.194990641770741099e-05 9.447163295428016028e-01
-1.010304265533836163e-06 4.728745000755786403e-03 3.277869310149942317e-01
-1.051860837478418220e-08 -4.868876702085282150e-08 4.718757613703748049e-03
# Frame 247:
4.720400870246888904e-03 6.698263899556285827e-06 9.452154267116414932e-01
5.894663510178607542e-06 4.759272409384223725e-03 3.263441414750844483e-01
-1.755757140509834076e-08 7.608070606214651324e-09 4.729216992581381299e-03
# Frame 248:
4.696818213252625801e-03 -2.141548202788356496e-05 9.450065141447616668e-01
3.731146294826609030e-06 4.723213390118297453e-03 3.269497391919174989e-01
-1.498314962314160577e-08 -2.630097461896158053e-08 4.710302294037157882e-03
# Frame 249:
4.685785187724442365e-03 -6.270341467525756201e-07 9.450216140475787840e-01
1.137192681282936816e-07 4.733546167653278347e-03 3.269060860944961733e-01
-3.138158044250820415e-08 -4.086755116872395191e-09 4.711349566000097577e-03
# Frame 250:
4.657058179565071523e-03 -4.220375802132635411e-05 9.449212559961720492e-01
-5.760855538684727086e-07 4.680726363667780422e-03 3.271974463614070738e-01
-3.857997230467598067e-08 -8.395181155081308372e-08 4.695943942768541352e-03
# Frame 251:
4.705379893799191762e-03 4.752206195716385450e-06 9.445987180653087067e-01
7.597052661334852434e-07 4.743901719884879159e-03 3.281255867519004554e-01
-9.858139998607707417e-09 9.289893755214663232e-09 4.713376864078364439e-03
# Frame 252:
4.696970339345314834e-03 9.158959293874414486e-06 9.453391360261435006e-01
2.175752618940443587e-06 4.752639596812656929e-03 3.259862317617447935e-01
-2.371644066144723777e-08 1.314658376836395457e-08 4.716502623295334637e-03
# Frame 253:
4.730614945580315610e-03 -4.449070290684389818e-06 9.451266950348293783e-01
4.284573445341786841e-06 4.768419150772383597e-03 3.266008462665298540e-01
8.532333811876153429e-09 -7.379434615383624454e-09 4.722390646080253454e-03
# Frame 254:
4.646616971522601197e-03 -1.061030910442015361e-05 9.449308292852339752e-01
-3.611296274808825284e-06 4.703847410383151656e-03 3.271696996076326469e-01
-4.487977503865206547e-08 -1.794636838803785562e-08 4.690220635317737807e-03
# Frame 255:
-4.703739429988396635e-03 -1.362872177632264656e-06 -9.452943906797171003e-01
-1.900966548713863148e-06 -4.755308870582398463e-03 -3.261158410583819278e-01
1.379758685572772648e-08 3.105243872415551017e-09 -4.715403237856093284e-03
# Frame 256:
4.665806601135589864e-03 -1.310894065804139436e-05 9.449155062534104754e-01
8.630909711921773859e-07 4.710171641797037366e-03 3.272133868215763575e-01
-4.479843163913459022e-08 -3.719954744639049259e-08 4.704241265821021943e-03
# Frame 257:
4.693711252102121881e-03 -7.035772318822569154e-06 9.450716447511312568e-01
3.828523994190042287e-06 4.737265506724799326e-03 3.267612397638673949e-01
-2.286860382525222989e-08 -1.295730730734432011e-08 4.712303196114856277e-03
# Frame 258:
4.630556856272931981e-03 -5.109249577849849214e-06 9.444373418742401105e-01
-9.099015551150177903e-06 4.701132707319064657e-03 3.285917611570480790e-01
-7.158717081281331810e-08 -2.276953892307252732e-08 4.692436339058693798e-03
# Frame 259:
4.638159555180936151e-03 -4.308496541931600599e-05 9.450963424765587151e-01
-1.556609984478889832e-06 4.688340096765520985e-03 3.266917149067112280e-01
-3.942472587456931902e-08 -6.711001411167915789e-08 4.683154180477102149e-03
# Frame 260:
4.653499718394070971e-03 -1.825274730675846807e-05 9.443476831005137573e-01
-5.277505579936267753e-06 4.701769998180363626e-03 3.288489693633834809e-01
-4.619480851862926998e-08 -4.518094821682818165e-08 4.695392376404970182e-03
# Frame 261:
4.720285350224139032e-03 7.536524043816332071e-06 9.454737344838012314e-01
7.219050016329514450e-06 4.772380707811408988e-03 3.255948708386383617e-01
-1.178458771053222463e-08 1.007119887296455809e-08 4.726591213895041908e-03
# Frame 262:
4.663448559219363250e-03 -1.104537499798072015e-05 9.456043200227340906e-01
-3.579418985222460422e-07 4.742894445175680276e-03 3.252170305079483126e-01
-4.023589637002783561e-08 -1.787957741427087685e-08 4.702137771500470610e-03
# Frame 263:
4.663730990742644654e-03 -2.342248038646842489e-05 9.446156957234307372e-01
-4.070611208421833883e-06 4.717767800404169473e-03 3.280777501908174743e-01
-6.043123104609142799e-08 -3.569840783811365770e-08 4.708390140032745613e-03
# Frame 264:
4.643348450288095272e-03 -4.529156597549045674e-06 9.451347149016345872e-01
-8.897865529948019360e-06 4.724491882991193985e-03 3.265799133557017453e-01
-6.468882315896420607e-08 4.570127802610897104e-09 4.695665268661637116e-03
# Frame 265:
4.640146383442757087e-03 -1.254608216447190845e-05 9.452071965982927759e-01
-5.742601231319051685e-06 4.720647677674547245e-03 3.263701796700948510e-01
-6.191935162997837505e-08 -2.507537129267073519e-08 4.695280349846007659e-03
# Frame 266:
4.654682153013259445e-03 2.233966369038742182e-05 9.450185595361024760e-01
-5.497625859746720942e-06 4.744932997350261722e-03 3.269152086467610463e-01
-7.147994284574032554e-08 2.466510024348707354e-08 4.710361278068292933e-03
# Frame 267:
4.672471852591065546e-03 -4.646785165611840272e-06 9.454618044947511457e-01
-7.833836910381480474e-07 4.743427468346757790e-03 3.256308254876952857e-01
-5.131882840489149223e-08 -3.461002384875018506e-09 4.712707731425039466e-03
# Frame 268:
4.623986194621862965e-03 -1.732198025663437080e-05 9.448595971629658585e-01
-7.547633346060149507e-06 4.699822018293309776e-03 3.273757268629328698e-01
-7.334775270725303228e-08 -4.590308719678986970e-08 4.690967666357207140e-03
# Frame 269:
4.735048032424441118e-03 1.491919633320643078e-05 9.459945046376798672e-01
9.603953283037891932e-06 4.796148591901704811e-03 3.240779837431102539e-01
-3.040369632931461216e-09 1.925691721494216914e-08 4.736413443483583272e-03
# Frame 270:
-4.691361838913251162e-03 -3.859891036815288563e-07 -9.452155024166460917e-01
1.243443974266349602e-06 -4.763692498641588884e-03 -3.263444684975273513e-01
3.014241755233831661e-08 -5.787478460586012921e-09 -4.715954674498487945e-03
# Frame 271:
4.731498796889471725e-03 1.000475787223748006e-05 9.452680786889164910e-01
3.011845192642833781e-06 4.795396345152951739e-03 3.261908079043102093e-01
-1.189609088669449409e-08 1.301282108963773278e-08 4.736373545102916249e-03
# Frame 272:
4.705508786399678622e-03 4.059244297749159237e-06 9.457729554078361245e-01
3.638491441131028960e-06 4.778733552266677988e-03 3.247248167377729811e-01
-2.456022060054806711e-08 5.659283647873856156e-09 4.725682673162635156e-03
# Frame 273:
4.716525166417736420e-03 -2.491044352675317248e-06 9.455755468897839577e-01
6.784955361139383092e-06 4.777394266808339222e-03 3.252991313030997311e-01
2.111825006948228425e-09 -1.549070017131215620e-09 4.721349348218785089e-03
# Frame 274:
4.710947623688182748e-03 -1.559408312938185390e-05 9.457067711217159722e-01
3.426023033058913166e-06 4.771342651709873164e-03 3.249175603338633755e-01
-1.706327324936919926e-08 -1.825108843487795224e-08 4.724727304423586779e-03
# Frame 275:
4.673376930262965537e-03 -1.745765137873367216e-05 9.461015530123174644e-01
2.429476067008857312e-06 4.743969669780915416e-03 3.237673885047550604e-01
-4.273801300892249563e-08 -1.066748470647468791e-08 4.709938179822905149e-03
# Frame 276:
4.721351222728149659e-03 -6.203798348358586469e-06 9.456471268928072771e-01
5.441464407493949455e-06 4.766039639378601839e-03 3.250910144098968502e-01
-4.847104015749678897e-09 -2.232549148960111472e-08 4.726244810994625727e-03
# Frame 277:
4.654195058496184319e-03 -3.587697327481580959e-05 9.456238717399885196e-01
-1.445217268851957289e-06 4.717901999399645545e-03 3.251607689662293077e-01
-3.723983322514034919e-08 -5.602044518119044657e-08 4.695327528048250966e-03
# Frame 278:
4.670818692299673509e-03 -1.479164203013378565e-05 9.452813623564645384e-01
-2.463157699803099419e-06 4.742915820207057979e-03 3.261544402785260810e-01
-2.899000066420689442e-08 -1.899038574477070944e-08 4.702663661411344252e-03
# Frame 279:
4.652396192753539307e-03 -3.740824797146727169e-06 9.451511969777589561e-01
-1.071327630695346498e-05 4.745186040937529603e-03 3.265316947963905481e-01
-5.994374082677139684e-08 5.519084130751687483e-09 4.701641759798433698e-03
# Frame 280:
4.670379184580826862e-03 -1.159231384586262184e-05 9.454469673779480887e-01
-7.522567769419492281e-07 4.752275621773167924e-03 3.256738870215164505e-01
-3.746213758946158572e-08 -1.258606557005463948e-08 4.706855412603424757e-03
# Frame 281:
-4.614833714904933472e-03 2.990137131492103445e-05 -9.457066662600641660e-01
8.646622851708856810e-06 -4.721348941707169053e-03 -3.249205876609171373e-01
6.756104870699602817e-08 2.161632530583372694e-08 -4.682340275249947080e-03
# Frame 282:
4.710090139887368292e-03 2.506194938269332644e-06 9.453271251270478626e-01
-5.632276786249796496e-07 4.792301230079632109e-03 3.260200992476598447e-01
-3.089049259020323896e-08 2.354016110563224079e-08 4.729722906421850344e-03
# Frame 283:
4.701005110182948123e-03 -2.925256194864320772e-05 9.453456072924807385e-01
1.278318636180341311e-06 4.763290819714254692e-03 3.259672624878268699e-01
-1.219806865779545827e-08 -2.949592893101098831e-08 4.715645573757300431e-03
# Frame 284:
4.666425648483964531e-03 -1.776736296640541712e-05 9.456703769903144208e-01
-5.163835679239574744e-06 4.767762896972406982e-03 3.250244140321941200e-01
-4.901375965500353447e-08 4.304819608775300113e-09 4.707539941889657582e-03
# Frame 285:
4.680655603311925303e-03 -3.838697743832639815e-05 9.452873090900133501e-01
3.493250659781596930e-07 4.743706700260323997e-03 3.261369342977925578e-01
-3.377714427942183414e-08 -5.631954449516213107e-08 4.710689586157136392e-03
# Frame 286:
4.687497369744391025e-03 -3.625499314924889786e-06 9.452727826756787133e-01
-2.133063602014241437e-06 4.771446960718878083e-03 3.261784415308562890e-01
-3.145647013468861295e-08 -4.136019535673600934e-09 4.717123879600540123e-03
# Frame 287:
4.700187059599284477e-03 7.531253805783462524e-06 9.452818308241700551e-01
-8.123065811986725154e-07 4.782360102547938280e-03 3.261518059008505221e-01
-2.904498143942277986e-08 2.654320585803787791e-08 4.721973887293882434e-03
# Frame 288:
-4.700121738852125128e-03 2.654839293039584240e-05 -9.451468793130423096e-01
-1.387176309629120344e-06 -4.761776694385023989e-03 -3.265431095560343833e-01
1.009697477722103371e-08 2.463242722609021189e-08 -4.712510785494112078e-03
# Frame 289:
4.698519232120711500e-03 1.964016912861238645e-06 9.449980508990338812e-01
5.780911505663046924e-06 4.767611238335731950e-03 3.269733860566901296e-01
-2.528877097918404501e-08 2.003534367295838046e-09 4.720420582767488257e-03
# Frame 290:
4.724598912989356851e-03 8.714963319093014404e-06 9.450887602470887661e-01
-5.594095416842686649e-08 4.796565357351730702e-03 3.267102082498097304e-01
-2.168999433589423296e-09 1.777096845456641234e-08 4.727169334428837737e-03
# Frame 291:
4.709167174570670633e-03 1.580010644730739749e-05 9.458964501827444860e-01
-1.831826701282841622e-06 4.817304885385888420e-03 3.243642278337747764e-01
-3.014801404040438234e-08 3.600027457104657052e-08 4.729725007154103426e-03
# Frame 292:
4.715056356487458064e-03 -1.002821441597959473e-05 9.452614736784989979e-01
5.267399294483041229e-07 4.782369919293647138e-03 3.262105257271233349e-01
-1.612662281831346934e-08 -1.591890635115808022e-08 4.726136334601563176e-03
# Frame 293:
-4.673582883598706265e-03 -3.020231976108511969e-06 -9.455622319104842743e-01
4.397257053401210052e-06 -4.776632891989621328e-03 -3.253385838134051355e-01
5.129920166013203993e-08 -2.181920115217706538e-08 -4.713049918696719798e-03
# Frame 294:
4.670297251551027741e-03 5.408983539599135109e-06 9.460424114700041187e-01
-1.574842897924543674e-06 4.773619923156190159e-03 3.239397133744001955e-01
-4.763520163857346431e-08 -5.876786632715421790e-09 4.713665622687026636e-03
# Frame 295:
4.712601447238530354e-03 2.255635188170607055e-05 9.460444096544177173e-01
1.655875213905879160e-06 4.817013755046810862e-03 3.239323962588690486e-01
-2.452626203324401314e-08 4.755044326179292751e-08 4.729151103610967910e-03
# Frame 296:
4.544554458551544086e-03 9.168593214498294670e-05 9.469109882747598350e-01
-1.073825661746670650e-05 4.700551173264639476e-03 3.213955440502424543e-01
-1.436355630260486780e-07 2.791733253059663287e-08 4.661316441233045310e-03
# Frame 297:
4.178567304246203970e-03 1.272606686799875183e-04 9.520310472088046039e-01
-1.962356584875421701e-05 4.383072399392140030e-03 3.059095758124153464e-01
-2.881818964905852034e-07 -1.557332700449567855e-08 4.419077726793839075e-03
# Frame 298:
3.600699478200785134e-03 1.594736984577703627e-04 9.614378152042019066e-01
-3.149926397553118323e-05 3.964437510286915496e-03 2.749409049724587661e-01
-4.910690061727782671e-07 1.174770134639594459e-07 4.014728194004260967e-03
# Frame 299:
-2.925234157260112565e-03 -4.513987946333328390e-05 -9.678727670757539814e-01
5.813047164664270154e-05 -3.394341492515997542e-03 -2.513749363239646262e-01
7.665847825871501713e-07 2.540922554058647388e-08 -3.586666259102998678e-03
# Frame 300:
2.479068246870538839e-03 -2.540239466359191245e-05 9.729386511781517033e-01
-6.980893299504707173e-05 3.031520983723477464e-03 2.310072003188936018e-01
-9.284091172610269799e-07 -3.667156443195525682e-08 3.273075951750665982e-03
# Frame 301:
2.208123092629202689e-03 -1.598984047601690727e-04 9.760004488953499813e-01
-8.074401143951438645e-05 2.800821918868547870e-03 2.177178046944570344e-01
-9.972515838230663465e-07 -3.953158461712378630e-08 3.054304502926340637e-03
# Frame 302:
2.199380857042772166e-03 -1.594702336038667900e-04 9.765182418788203034e-01
-7.864965517055687077e-05 2.800797266768140399e-03 2.153838532728079291e-01
-9.879689611124208216e-07 1.983828914532533755e-09 3.034084420590928664e-03
# Frame 303:
2.192375700983907952e-03 -1.568850829917727691e-04 9.762981267425842047e-01
-8.359830592410307502e-05 2.799280706675531805e-03 2.163795561932068956e-01
-9.910810634102285873e-07 6.857773765851341430e-09 3.030065061024904069e-03
# Frame 304:
2.171500308642884073e-03 -1.531784284099838554e-04 9.763816368396437406e-01
-8.513985881991909693e-05 2.796867782315610052e-03 2.160027700458870825e-01
-1.005138715587953796e-06 2.723490212051777727e-08 3.022247247020248481e-03
# Frame 305:
2.168854954742941397e-03 -1.591680267552990715e-04 9.763361955241202095e-01
-8.505654424027241675e-05 2.778516743814763660e-03 2.162083367577449511e-01
-1.005109168393424283e-06 -2.285430079932624051e-09 3.021881655455993000e-03
# Frame 306:
2.191676752871365551e-03 -1.374830567972892955e-04 9.768101698376662201e-01
-8.290174873038439862e-05 2.818528893489788498e-03 2.140559364936135689e-01
-9.936530618027466702e-07 4.703635886842401665e-08 3.028997550210288207e-03
# Frame 307:
2.194654917358013213e-03 -1.570574800869081050e-04 9.764582004727093700e-01
-8.575434264079805113e-05 2.800752527415574424e-03 2.156560672182489813e-01
-9.813324099819775416e-07 1.138216230235420009e-08 3.025004926901069761e-03
# Frame 308:
2.179538245562000383e-03 -1.698691046856405098e-04 9.765050153757272033e-01
-8.216749985470316216e-05 2.784643622236922418e-03 2.154443880296557090e-01
-9.924059339959331283e-07 -1.182193131830903523e-08 3.021651454965846011e-03
# Frame 309:
2.200771509082896735e-03 -1.523142609757150161e-04 9.767822315397849398e-01
-8.042881699217651703e-05 2.809873032943118777e-03 2.141834134197720951e-01
-9.798325668543010165e-07 1.709177425622223136e-08 3.028054313788863024e-03
# Frame 310:
-2.174533307465915336e-03 1.572348188191877931e-04 -9.761633871397055184e-01
8.599922537724799337e-05 -2.778253418361133990e-03 -2.169871812321311766e-01
9.985085811507070136e-07 -2.215213743983446188e-09 -3.020824731312514964e-03
# Frame 311:
2.184249640304572037e-03 -1.528382134924780662e-04 9.763752556087125223e-01
-8.507239451588537497e-05 2.796982942825413602e-03 2.160314716907497656e-01
-9.895072410157706104e-07 1.530550614967795091e-08 3.023047512859486276e-03
# Frame 312:
2.190978767023284840e-03 -1.543552179714342051e-04 9.766404224917035748e-01
-8.103907735471644453e-05 2.797608131971094248e-03 2.148294192551161719e-01
-9.842444342475721347e-07 9.137527169050941758e-09 3.024629677245962902e-03
# Frame 313:
-2.170927200301605610e-03 1.391543755750148032e-04 -9.764051795262259636e-01
8.994826927655190276e-05 -2.799278535056746401e-03 -2.158963132086576531e-01
1.006709738222446306e-06 -3.756764979527879734e-08 -3.021753860686259528e-03
# Frame 314:
2.209013595910523306e-03 -1.585439844527540196e-04 9.761482464083749422e-01
-8.394921966343771346e-05 2.797957509101409255e-03 2.170545826968949266e-01
-9.697873817746170097e-07 5.350914348468015414e-09 3.027981544732943116e-03
# Frame 315:
-2.204241812139342768e-03 1.409632735062883897e-04 -9.767240136003417783e-01
8.199323487406140194e-05 -2.816928710102988790e-03 -2.144485972744305247e-01
9.777982121801578264e-07 -2.953404241068706953e-08 -3.029854724657795369e-03
# Frame 316:
2.191903153085204489e-03 -1.432387530912149448e-04 9.764617502982592123e-01
-8.476675894474380987e-05 2.806549082406133329e-03 2.156399305215375706e-01
-9.886669682607438308e-07 1.979022437562058117e-08 3.026831382896879793e-03
# Frame 317:
2.183336616747472234e-03 -1.637760364289096108e-04 9.764788164576475582e-01
-8.413617260348844992e-05 2.786882011911554716e-03 2.155630131507457192e-01
-9.900261386722434617e-07 -1.021516629965484488e-08 3.023375307016304327e-03
# Frame 318:
2.176894148807040873e-03 -1.637046406180246412e-04 9.765532414136491868e-01
-8.415588956596671555e-05 2.783503288362268197e-03 2.152257201081901328e-01
-9.955678205592238510e-07 -1.211171720268791054e-08 3.022490248204053303e-03
# Frame 319:
2.188278366563487561e-03 -1.591820073098957255e-04 9.765844825992703315e-01
-8.154911868257518927e-05 2.789034560380298719e-03 2.150836950243387724e-01
-9.898660335758870782e-07 -8.933097119871833831e-10 3.025428044740000912e-03
# Frame 320:
2.205452315508263286e-03 -1.447422995183490378e-04 9.769022694846348775e-01
-7.848914947476511223e-05 2.814758718208785950e-03 2.136351388506718130e-01
-9.743755234641801758e-07 2.804713057451473231e-08 3.028089436670855592e-03
# Frame 321:
-2.203670886386119472e-03 1.561484408830076428e-04 -9.768515077672135227e-01
7.678451011924765357e-05 -2.805505422429399424e-03 -2.138672198547922343e-01
9.800145903776929700e-07 -1.745820257919431065e-09 -3.030963427058802617e-03
# Frame 322:
2.193570579534126139e-03 -1.642333757916813401e-04 9.767559961699386895e-01
-7.755032897940474066e-05 2.791219669328132147e-03 2.143033416509322886e-01
-9.832712290489694107e-07 -1.593359421573646128e-08 3.027549597025201884e-03
# Frame 323:
-2.183840722827854255e-03 1.647071935301601799e-04 -9.768203366192421688e-01
7.944106185144112430e-05 -2.785430281461622869e-03 -2.140101274636463657e-01
9.853600129159855792e-07 1.663011441153106393e-08 -3.022265308665507324e-03
# Frame 324:
2.207564593668503647e-03 -1.527509643697180601e-04 9.768370681516600484e-01
-7.793313727576642498e-05 2.807317545593491972e-03 2.139330655439416196e-01
-9.784438831925950384e-07 -1.827171204878688276e-09 3.033475105455441141e-03
# Frame 325:
-2.187457785962850648e-03 1.478904624166936901e-04 -9.766784330501221412e-01
8.176740694532391989e-05 -2.801417638807518224e-03 -2.146564645541082228e-01
9.950718229051056000e-07 -4.546296512555695137e-09 -3.029714351028658589e-03
# Frame 326:
2.194354245064882806e-03 -1.575101648457665686e-04 9.767025487012792606e-01
-8.019595937623902858e-05 2.797979518964157156e-03 2.145466720318724152e-01
-9.884423297815842534e-07 -1.042583684462039809e-08 3.030141698141470500e-03
# Frame 327:
2.194326059086233651e-03 -1.405054268207974529e-04 9.766541310140207655e-01
-8.197624780748083678e-05 2.810448087695032338e-03 2.147667586677282914e-01
-9.968812080550115654e-07 1.304738067914574929e-08 3.034402152624547828e-03
# Frame 328:
-2.186779400385736958e-03 1.557228894885036698e-04 -9.767550615025417660e-01
7.982747273241773878e-05 -2.793421345090144753e-03 -2.143076315117348474e-01
9.918629321015566933e-07 1.025591304549648023e-08 -3.028708472499886187e-03
# Frame 329:
2.191854597415507280e-03 -1.363308993177985795e-04 9.766826714008279842e-01
-8.131855587213418035e-05 2.808497922303893491e-03 2.146369691243589228e-01
-9.990874682364729196e-07 1.395808569286775181e-08 3.035421465905439181e-03
# Frame 330:
2.202914489793188907e-03 -1.577094906934529560e-04 9.767652802182729133e-01
-7.881950104377932059e-05 2.803709116955252489e-03 2.142606970301595137e-01
-9.795839145253980179e-07 -1.467514474734737706e-08 3.032550980650115975e-03
# Frame 331:
2.199081915087388109e-03 -1.538792099162552987e-04 9.766967473884885509e-01
-8.002350758849279238e-05 2.804826635298010226e-03 2.145729232718061597e-01
-9.844880120830581298e-07 -6.174155110771956422e-09 3.031689639972870009e-03
# Frame 332:
2.189076930359402234e-03 -1.610396857265528796e-04 9.766871517803580316e-01
-7.891520930748188169e-05 2.791081365284446298e-03 2.146169434104213125e-01
-9.863872272562125705e-07 -1.230856446772688472e-08 3.026680191459573798e-03
# Frame 333:
2.198525832164826849e-03 -1.737195992244745866e-04 9.767323232574861569e-01
-7.804709638310163412e-05 2.790623807146352681e-03 2.144111959743781881e-01
-9.718900279986464398e-07 -2.987670473686007497e-08 3.024959009508392145e-03
# Frame 334:
2.209400291297212732e-03 -1.665817140352506681e-04 9.766757493716504701e-01
-7.899443174357282814e-05 2.801050780590413729e-03 2.146684811074748844e-01
-9.649423827487484008e-07 -1.095739685946782332e-08 3.026959314836060941e-03
# Frame 335:
2.198354896142695660e-03 -1.697208712022104651e-04 9.767412409588842603e-01
-7.792290231431985015e-05 2.791984412490303158e-03 2.143705313878687124e-01
-9.754965655818745244e-07 -2.061099999673545733e-08 3.026658763076984626e-03
# Frame 336:
2.185099689956878331e-03 -1.611106143700934894e-04 9.767982865704252227e-01
-7.832632448319566546e-05 2.789439801894296952e-03 2.141106577980079473e-01
-9.865427690432944257e-07 -1.206484265623439358e-08 3.024209434820562294e-03
# Frame 337:
2.184908392011681091e-03 -1.657152483780490934e-04 9.768241152026292395e-01
-7.910978730151848476e-05 2.787171686364361793e-03 2.139928277158714143e-01
-9.864259965010120012e-07 -2.028235296975721728e-08 3.023536538632666526e-03
# Frame 338:
2.186118394591485704e-03 -1.582174221771458558e-04 9.767717737799058719e-01
-8.048983950056786557e-05 2.796266607773825567e-03 2.142314731439999009e-01
-9.856174353557696869e-07 -9.486975925045083198e-09 3.024587326058927710e-03
# Frame 339:
2.196944676921376745e-03 -1.511382703569697102e-04 9.767057422922584831e-01
-7.945365062593153502e-05 2.808710657475909506e-03 2.145319617436147186e-01
-9.841412273660634736e-07 2.418565022761953996e-09 3.030806108239110855e-03
# Frame 340:
-2.202406686608262502e-03 1.607596337675546415e-04 -9.770570017755519920e-01
7.799040981350477690e-05 -2.809236947129466113e-03 -2.129264576049433033e-01
9.770076578215671756e-07 -2.832561231749271398e-09 -3.027308808658897912e-03
# Frame 341:
-2.204308921372896690e-03 1.617571228669612102e-04 -9.771933492300924895e-01
7.568126010667885356e-05 -2.809579788797500390e-03 -2.122998135606254111e-01
9.720898878734241960e-07 -3.219193054458034558e-09 -3.027007139536586674e-03
# Frame 342:
2.196227604151034137e-03 -1.443057688064407998e-04 9.767338910556538911e-01
-8.046689006561802253e-05 2.806432204923563125e-03 2.144038235553900607e-01
-9.834164516103859619e-07 1.101505149983377929e-08 3.029807033255548301e-03
# Frame 343:
2.182802193964697782e-03 -1.727148180884618283e-04 9.767718828568705547e-01
-8.055920907286904240e-05 2.785358005074593021e-03 2.142311768149639251e-01
-9.823200869293996141e-07 -3.486045749638865623e-08 3.022015043745755140e-03
# Frame 344:
-2.224115653125479080e-03 1.552540709493371862e-04 -9.767346898859616822e-01
7.765875075140758190e-05 -2.819140496032670161e-03 -2.143995907944726553e-01
9.703102520829344505e-07 3.060034541328869572e-09 -3.039187607288578417e-03
# Frame 345:
2.235136891214275102e-03 -1.502258800521961621e-04 9.769702498133774338e-01
-7.445887412452071620e-05 2.832637366998731580e-03 2.133232821523664557e-01
-9.643306548397607955e-07 8.694433848126186227e-09 3.043104842845754162e-03
# Frame 346:
2.211562307845829807e-03 -1.581966030724565441e-04 9.768853051614316829e-01
-7.769170626333652253e-05 2.813905215855370262e-03 2.137125333934210281e-01
-9.780185863673527610e-07 -2.996872820307306657e-09 3.035374226438096543e-03
# Frame 347:
2.205196057761082788e-03 -1.581977828611622115e-04 9.766914880975320346e-01
-8.009634658446635391e-05 2.808024753497435563e-03 2.145967434237427973e-01
-9.765918045832647877e-07 -8.701351348956940096e-09 3.032400726582958062e-03
# Frame 348:
2.198964121731543982e-03 -1.681753078649304161e-04 9.768387193973138150e-01
-7.917146368885713168e-05 2.803392373002630122e-03 2.139257136387433811e-01
-9.787517080377082140e-07 -1.241786833102446118e-08 3.029245178564254383e-03
# Frame 349:
2.203901626594242501e-03 -1.604356610273877798e-04 9.767494150458545521e-01
-7.897225387543289898e-05 2.806995636527815328e-03 2.143329763225553797e-01
-9.765814168400354247e-07 -3.268752829993853532e-09 3.031020329939549361e-03
# Frame 350:
2.211371628864570397e-03 -1.504372370532651838e-04 9.768155830966465114e-01
-7.824386870645338662e-05 2.816351092314170988e-03 2.140309554191528185e-01
-9.753162701310253527e-07 1.699525578064156016e-09 3.035784832783600465e-03
# Frame 351:
-2.200895829601725879e-03 1.723805662723442550e-04 -9.769685318985481537e-01
7.638021533740430426e-05 -2.801636584466732534e-03 -2.133320970438916386e-01
9.749799348401982763e-07 2.518016637264831145e-08 -3.029090770941799023e-03
# Frame 352:
2.214731697968071091e-03 -1.700951172334931670e-04 9.770471620316399930e-01
-7.487067881530079700e-05 2.808716071264141020e-03 2.129713170312872161e-01
-9.748324523731677256e-07 -2.569741207428512438e-08 3.038556646837370975e-03
# Frame 353:
2.197406576418120538e-03 -1.617093916823870786e-04 9.767211516897050805e-01
-8.035694401409104704e-05 2.804740400448617853e-03 2.144618154675981547e-01
-9.831489760160969647e-07 -1.295443653509635678e-08 3.032123970057042789e-03
# Frame 354:
-2.231797823995875212e-03 1.599607109833394022e-04 -9.768381229433205082e-01
7.608476683973586078e-05 -2.820768984155154480e-03 -2.139277565518117041e-01
9.592827938300378843e-07 -2.304929717905409572e-11 -3.037680833893151647e-03
# Frame 355:
2.218800623084391313e-03 -1.665434487580510180e-04 9.769588674256575178e-01
-7.473822891011487764e-05 2.813838764544538285e-03 2.133759396434072586e-01
-9.631371728684536618e-07 -9.454492050627615352e-09 3.034081643721681099e-03
# Frame 356:
-2.219383297597101162e-03 1.648224640088938775e-04 -9.765595863653543374e-01
7.855240008828051504e-05 -2.804017282231277639e-03 -2.151960339466814920e-01
9.644779865673170631e-07 2.433626270443087206e-08 -3.036402238062436195e-03
# Frame 357:
2.212052902711059491e-03 -1.683567327317645715e-04 9.768651081555972393e-01
-7.856923765451381131e-05 2.809400273559134204e-03 2.138048669291696680e-01
-9.752830047558102253e-07 -1.788943667602816770e-08 3.036267370477812103e-03
# Frame 358:
-2.212162459989867967e-03 1.646569777152832501e-04 -9.768864649593409499e-01
7.684350819318135311e-05 -2.808565365782526944e-03 -2.137073256686608802e-01
9.688684870859434407e-07 1.089215180576554774e-08 -3.032954804171760898e-03
# Frame 359:
2.217773695340521413e-03 -1.710430491982341456e-04 9.768143963695782306e-01
-7.593087719957162022e-05 2.808355191587987888e-03 2.140364325206949581e-01
-9.640072428649180632e-07 -1.540308861646150379e-08 3.033182775922556827e-03
# Frame 360:
2.204352146860467498e-03 -1.598495826625633465e-04 9.770547596318920336e-01
-7.715750063247135779e-05 2.809931447054513521e-03 2.129365980068639586e-01
-9.811448715986465149e-07 -6.670919188226320316e-09 3.035707606654948834e-03
# Frame 361:
2.197470385482803643e-03 -1.804209999318533663e-04 9.767501697149626461e-01
-7.883824515861056830e-05 2.789150450194047628e-03 2.143298408031933666e-01
-9.766828028378256805e-07 -3.785050864568444221e-08 3.029570692161696541e-03
# Frame 362:
2.193005535987629321e-03 -1.729950529117583958e-04 9.767337917972631622e-01
-8.015846579631216641e-05 2.792820170327810995e-03 2.144044877051380360e-01
-9.790771215160810697e-07 -2.578751439448960376e-08 3.028224203514809105e-03
# Frame 363:
2.209408858573064585e-03 -1.728459439060498414e-04 9.768424881717527875e-01
-7.833800482802164380e-05 2.804889695577574785e-03 2.139083202992155541e-01
-9.695938996754670566e-07 -2.086333100232716271e-08 3.032969168234216865e-03
# Frame 364:
-2.185849186931399738e-03 1.575033548715388382e-04 -9.768917220690229719e-01
8.200522450732311737e-05 -2.805759862054766230e-03 -2.136836480630964763e-01
9.940264757721721084e-07 -9.009526702439652369e-09 -3.029875449845698034e-03
# Frame 365:
2.208936928417502919e-03 -1.460147758928034313e-04 9.767765803018402249e-01
-8.060264454762235879e-05 2.819655979805771144e-03 2.142087895296426459e-01
-9.883844268604181606e-07 1.169384794217386459e-08 3.041213871440664497e-03
# Frame 366:
2.180695433068668889e-03 -1.590135872615226450e-04 9.767393503485276574e-01
-8.322210027945520108e-05 2.795295736329401690e-03 2.143792355692127616e-01
-9.987389490413318272e-07 -1.075200725829660410e-08 3.030431394086475355e-03
# Frame 367:
-2.185576625443400034e-03 1.854045941697596062e-04 -9.767406465187319364e-01
8.074547574562122929e-05 -2.781402378816480447e-03 -2.143734849016274702e-01
9.863900607389404652e-07 4.501356315656231909e-08 -3.027303957665739530e-03
# Frame 368:
2.174350439141411410e-03 -1.502966395456403629e-04 9.767307902750614890e-01
-8.570879450698430505e-05 2.805452728344386484e-03 2.144181667465213381e-01
-1.009887661242581009e-06 1.791681676566494581e-08 3.030642963934833921e-03
# Frame 369:
-2.190740381473854290e-03 1.534285452366556247e-04 -9.767208328640981652e-01
8.234567291573292674e-05 -2.805904742971137428e-03 -2.144633069354284494e-01
9.941189760866795832e-07 -5.469035366686854015e-09 -3.033456876401094404e-03
# Frame 370:
-2.176458001902269179e-03 1.640551617169485352e-04 -9.770530798896611691e-01
8.058227157365785767e-05 -2.798901054880450785e-03 -2.129448927434671734e-01
9.948537398939543394e-07 -4.196224943789783289e-09 -3.024484660600317964e-03
# Frame 371:
2.192700615722199906e-03 -1.638617304205213030e-04 9.767663548866651890e-01
-8.117516992420031538e-05 2.800053378653162908e-03 2.142559313732284587e-01
-9.911973413200849871e-07 -8.812965656160544117e-09 3.033505700782060562e-03
# Frame 372:
2.203988177845588124e-03 -1.560196334870369683e-04 9.767999768465380761e-01
-8.073985068781343245e-05 2.810249559894735082e-03 2.141023336685491663e-01
-9.806884563234304647e-07 -3.717633344208493231e-09 3.034801772072219257e-03
# Frame 373:
2.187936238137003740e-03 -1.706736003596877555e-04 9.770577229026951027e-01
-8.033574510246436985e-05 2.800906873363558265e-03 2.129234110433316784e-01
-9.850674329827730684e-07 -1.082559909431687054e-08 3.026452923309734446e-03
# Frame 374:
2.195159166258721980e-03 -1.778965024088179775e-04 9.768887825288841142e-01
-7.987301418083715416e-05 2.797239225478937580e-03 2.136970899477272923e-01
-9.823797555225852858e-07 -2.316531233766126323e-08 3.029689460635269418e-03
# Frame 375:
2.194361249590818207e-03 -1.750182801867707679e-04 9.767057396296864313e-01
-7.974842201175778346e-05 2.792515629484599617e-03 2.145321739606420863e-01
-9.849521177779797957e-07 -2.695008558445082158e-08 3.032186197004701263e-03
# Frame 376:
2.232176416192909775e-03 -1.414545238407078763e-04 9.772914405716496278e-01
-7.416295582884296705e-05 2.840711449364914740e-03 2.118468606377497954e-01
-9.668720713644418779e-07 2.766600747885238826e-08 3.044677284330030414e-03
# Frame 377:
2.223025319480918718e-03 -1.865097931660691867e-04 9.772297608708117034e-01
-7.120458870038366629e-05 2.807510463000755831e-03 2.121318469128468664e-01
-9.594149212558709682e-07 -3.073290859920096533e-08 3.034827875077444458e-03
# Frame 378:
2.212480311857647521e-03 -1.417981521279744429e-04 9.770062732389006577e-01
-7.804024084029999222e-05 2.825956990350209520e-03 2.131586005924104577e-01
-9.852694546288468542e-07 2.926472537697217797e-08 3.040681718135061339e-03
# Frame 379:
2.183752202278205212e-03 -1.624273099881788521e-04 9.765110498739330014e-01
-8.348373303886944604e-05 2.793165715359102481e-03 2.154167977362503594e-01
-9.930189703652900028e-07 -3.741800029918939580e-09 3.028006873171738660e-03
# Frame 380:
2.220684652799786128e-03 -1.392623467670487194e-04 9.772709264755076175e-01
-7.699639801275158784e-05 2.843588634422478719e-03 2.119415946936699102e-01
-9.789284127820479460e-07 4.202587053601711345e-08 3.042029643475428671e-03
# Frame 381:
2.219630347340979977e-03 -1.424714225021831674e-04 9.769802152192150757e-01
-7.756338031918689905e-05 2.829404927339018716e-03 2.132778923522921644e-01
-9.737667463473908355e-07 2.673230649508775238e-08 3.039917387841585723e-03
# Frame 382:
2.196749445720126183e-03 -1.726866715136189548e-04 9.768113955359973843e-01
-8.135361228746007783e-05 2.805549955494663489e-03 2.140504434442112303e-01
-9.801960968057826301e-07 -8.798220840536359482e-09 3.028523339145617818e-03
# Frame 383:
-2.205984333622488386e-03 1.639366512475223239e-04 -9.769168405821009316e-01
7.993001147887746169e-05 -2.814516754506770409e-03 -2.135683913220512709e-01
9.769465787975614561e-07 7.976376543702371095e-09 -3.034415721103996769e-03
# Frame 384:
2.192535022860264693e-03 -1.851507263072042948e-04 9.767444835195532304e-01
-8.038284344367951342e-05 2.789326355024625975e-03 2.143558358131954777e-01
-9.782168877708287456e-07 -3.534905849740121180e-08 3.026759398270312523e-03
# Frame 385:
-2.197444127407095077e-03 1.863642065523659567e-04 -9.767810086371776501e-01
7.958491692683186843e-05 -2.789517482460311323e-03 -2.141892735612459797e-01
9.735317813391497272e-07 3.623648690219821499e-08 -3.027378773689681172e-03
# Frame 386:
2.206045576966363803e-03 -1.596830410904071006e-04 9.769768047845726056e-01
-7.898113903131827253e-05 2.816204666855435992e-03 2.132938813867226724e-01
-9.795014414818778268e-07 1.212519575390524929e-09 3.035406471353742971e-03
# Frame 387:
2.220696849497241516e-03 -1.601618372077460550e-04 9.769946374887176210e-01
-7.701832848863097688e-05 2.823114451153676749e-03 2.132119083314950037e-01
-9.665332074271983667e-07 4.303532026089420183e-09 3.037665165605025943e-03
# Frame 388:
2.191391964388706912e-03 -1.882115437004098395e-04 9.768464559278635662e-01
-7.849437715872255859e-05 2.786040713689526358e-03 2.138906899304749698e-01
-9.819035071115370742e-07 -4.387423840736638371e-08 3.027952231963152233e-03
# Frame 389:
2.206624337725112978e-03 -1.827952831000877795e-04 9.769293900254937268e-01
-7.587981867333628574e-05 2.798461832053570492e-03 2.135111957565520857e-01
-9.741379679161013871e-07 -3.021130194280350664e-08 3.032563044424338612e-03
# Frame 390:
2.197924463500998404e-03 -1.576573232491087259e-04 9.773523950351492573e-01
-7.680531479085213819e-05 2.817522132963929619e-03 2.115662816618465725e-01
-9.896569309233576732e-07 1.395989218288961780e-08 3.033862892849452809e-03
# Frame 391:
2.187198799026622651e-03 -1.579400669154075638e-04 9.767135802007903544e-01
-8.323581034881094684e-05 2.801749344146190791e-03 2.144964747069665056e-01
-9.943755809986849799e-07 1.742817437571895846e-08 3.029699227671027277e-03
# Frame 392:
-2.187887102790632247e-03 1.613293884085229414e-04 -9.768260825231028788e-01
8.214849630666500935e-05 -2.802621913442717230e-03 -2.139835199197156757e-01
9.923650784158438086e-07 -2.225280151820296591e-09 -3.030410737893157475e-03
# Frame 393:
2.179144185202160078e-03 -1.879638353060463396e-04 9.768223528972915792e-01
-8.114013832137940095e-05 2.778871775988483138e-03 2.140010499185076853e-01
-9.853983286755606487e-07 -3.136931400969174637e-08 3.021390598924342079e-03
# Frame 394:
2.179378556949957985e-03 -1.758382842802644417e-04 9.767895310695837718e-01
-8.306027206904605163e-05 2.788916159943166141e-03 2.141506682267711459e-01
-9.896602702191336794e-07 -1.301677077783142203e-08 3.022867439729477919e-03
# Frame 395:
2.183834781249908031e-03 -1.648815466804731569e-04 9.768603016488669466e-01
-8.284160714190755195e-05 2.796545243762859397e-03 2.138274416676124168e-01
-9.865835971213420316e-07 -6.339191866070067559e-09 3.025293884358665371e-03
# Frame 396:
2.194904471633583876e-03 -1.662196271831024115e-04 9.769201378212182263e-01
-8.138103660575435599e-05 2.803035496918633140e-03 2.135536380053519867e-01
-9.816322887416132094e-07 -9.459484774990339320e-09 3.029710813472462263e-03
# Frame 397:
2.208315027648127035e-03 -1.365959049694661070e-04 9.771672283552322869e-01
-7.729375486546507807e-05 2.827005869320112913e-03 2.124196045611713157e-01
-9.860206055572746842e-07 4.863682838333096624e-08 3.037462006784101380e-03
# Frame 398:
2.193305005016694086e-03 -1.703058529523196311e-04 9.769216211603584110e-01
-8.070847465850731009e-05 2.799825711418521025e-03 2.135469610962371922e-01
-9.788685921154398482e-07 2.712172709883791080e-09 3.025952117941471415e-03
# Frame 399:
2.186383757374872096e-03 -1.883605310565102553e-04 9.767240772755462208e-01
-8.139974534311778919e-05 2.781948732600433242e-03 2.144490212472699719e-01
-9.791619941142142086e-07 -3.114151138855301969e-08 3.022008780175990724e-03
# Frame 400:
2.205891868785942247e-03 -1.643965983347084423e-04 9.770483675041997662e-01
-7.850250046372931126e-05 2.811254848540155685e-03 2.129658922589620917e-01
-9.820866570774102066e-07 -1.127161676629690536e-11 3.035455338760202019e-03
